10 1 1
1 0 0 0 0 0 0 0 0 0
10 1 1
0 1 0 0 0 0 0 0 0 0
10 1 1
0 0 1 0 0 0 0 0 0 0
10 1 1
0 0 0 1 0 0 0 0 0 0
10 1 1
0 0 0 0 1 0 0 0 0 0
10 1 1
0 0 0 0 0 1 0 0 0 0
10 1 1
0 0 0 0 0 0 1 0 0 0
10 1 1
0 0 0 0 0 0 0 1 0 0
10 1 1
0 0 0 0 0 0 0 0 1 0
10 1 1
0 0 0 0 0 0 0 0 0 1
10 1 2
1 0 0 0 0 0 0 0 0 0
10 1 2
0 1 0 0 0 0 0 0 0 0
10 1 2
0 0 1 0 0 0 0 0 0 0
10 1 2
0 0 0 1 0 0 0 0 0 0
10 1 2
0 0 0 0 1 0 0 0 0 0
10 1 2
0 0 0 0 0 1 0 0 0 0
10 1 2
0 0 0 0 0 0 1 0 0 0
10 1 2
0 0 0 0 0 0 0 1 0 0
10 1 2
0 0 0 0 0 0 0 0 1 0
10 1 2
0 0 0 0 0 0 0 0 0 1
10 1 5
1 0 0 0 0 0 0 0 0 0
10 1 5
0 1 0 0 0 0 0 0 0 0
10 1 5
0 0 1 0 0 0 0 0 0 0
10 1 5
0 0 0 1 0 0 0 0 0 0
10 1 5
0 0 0 0 1 0 0 0 0 0
10 1 5
0 0 0 0 0 1 0 0 0 0
10 1 5
0 0 0 0 0 0 1 0 0 0
10 1 5
0 0 0 0 0 0 0 1 0 0
10 1 5
0 0 0 0 0 0 0 0 1 0
10 1 5
0 0 0 0 0 0 0 0 0 1
10 1 9
1 0 0 0 0 0 0 0 0 0
10 1 9
0 1 0 0 0 0 0 0 0 0
10 1 9
0 0 1 0 0 0 0 0 0 0
10 1 9
0 0 0 1 0 0 0 0 0 0
10 1 9
0 0 0 0 1 0 0 0 0 0
10 1 9
0 0 0 0 0 1 0 0 0 0
10 1 9
0 0 0 0 0 0 1 0 0 0
10 1 9
0 0 0 0 0 0 0 1 0 0
10 1 9
0 0 0 0 0 0 0 0 1 0
10 1 9
0 0 0 0 0 0 0 0 0 1
1 10 1
1
0
0
0
0
0
0
0
0
0
1 10 1
0
1
0
0
0
0
0
0
0
0
1 10 1
0
0
1
0
0
0
0
0
0
0
1 10 1
0
0
0
1
0
0
0
0
0
0
1 10 1
0
0
0
0
1
0
0
0
0
0
1 10 1
0
0
0
0
0
1
0
0
0
0
1 10 1
0
0
0
0
0
0
1
0
0
0
1 10 1
0
0
0
0
0
0
0
1
0
0
1 10 1
0
0
0
0
0
0
0
0
1
0
1 10 1
0
0
0
0
0
0
0
0
0
1
1 10 2
1
0
0
0
0
0
0
0
0
0
1 10 2
0
1
0
0
0
0
0
0
0
0
1 10 2
0
0
1
0
0
0
0
0
0
0
1 10 2
0
0
0
1
0
0
0
0
0
0
1 10 2
0
0
0
0
1
0
0
0
0
0
1 10 2
0
0
0
0
0
1
0
0
0
0
1 10 2
0
0
0
0
0
0
1
0
0
0
1 10 2
0
0
0
0
0
0
0
1
0
0
1 10 2
0
0
0
0
0
0
0
0
1
0
1 10 2
0
0
0
0
0
0
0
0
0
1
0 0 0