10000
3
5
255602
517241
749821
673125
182812
257535
649472
809350
994048
97466
172938
678625
989936
635578
625417
941071
48303
523473
428112
634736
371505
352526
997527
191536
538247
17694
177408
352931
10299
222747
608172
546391
299275
915624
956461
933618
73288
151698
170709
258876
236262
827209
788914
137589
628306
685921
394273
736626
182223
749469
409248
533099
51055
540141
920425
984643
162539
855791
596123
910059
720888
380864
552443
385182
907157
50426
270493
214405
782488
127617
485360
912944
324834
479469
222016
607485
163552
721589
977225
960134
683217
758551
863634
326437
926034
87704
928781
442501
531817
304160
736641
947705
389970
442305
423243
770704
319931
133419
970422
105541
649119
164917
699453
488629
302049
409192
748964
676033
641258
701644
903591
678454
482314
793027
14039
73112
465637
751762
639727
364609
805955
363355
923231
888666
843067
326784
627672
855216
969298
739623
848727
146878
144501
379208
185097
831654
197187
447648
831452
644481
117316
997119
28952
599907
202816
294704
203323
322495
539125
46884
77496
307607
530270
382132
555768
758992
244809
80661
408266
1570
148206
583877
390558
114133
297897
12906
89777
397694
320954
505829
710401
280557
508933
7437
978972
835896
489616
952195
971186
810694
285578
579905
626358
709648
800932
168170
174832
808135
177782
544243
843877
517121
76997
778389
775158
858047
775561
541962
106384
205545
300395
672119
765850
922715
932874
547078
684229
846663
607042
522935
290789
676552
652644
327274
724684
68341
83738
797806
520160
634123
258911
454542
449718
53174
737551
131682
826600
534519
289691
443511
879917
330339
719751
498827
367520
376251
695212
945323
540581
59029
890991
92392
660351
887229
437117
152087
173793
985829
708101
964010
288666
113982
410749
226496
46975
431244
802332
834296
956264
142643
828506
809418
626219
792643
622062
35408
100566
490127
883463
578713
336123
572024
578653
654997
839679
118583
46596
705564
346382
766634
679815
929927
73859
357776
837928
33138
147879
557831
284284
33325
2017
652315
390520
785482
252147
368346
973576
557881
74707
605216
584177
847214
113892
332136
435418
364457
958082
941203
944091
507982
465482
229263
749176
853359
403223
709105
617813
657663
617386
597499
262806
331490
388998
961663
488665
877716
168231
733445
324200
967230
697295
261684
663033
18669
971459
149913
16348
928513
171282
2802
512856
175848
499866
966840
969227
446428
725820
893131
325585
153691
75458
150880
303943
203535
935580
56910
885265
285502
513033
49218
355495
727271
797936
368006
825832
635173
895542
637327
979169
599215
396214
88555
471934
62966
889405
852597
530022
276372
953808
24885
434110
500283
335897
983210
794883
16388
373519
545800
597989
119872
79601
436938
822209
180684
948574
972920
948990
872536
714878
426161
378186
987843
492733
679240
58113
228085
685405
320410
47685
84981
42166
141483
598936
481782
47478
749405
679152
463601
160950
486010
448390
690135
896823
845795
390327
884962
333450
50830
609583
738527
911027
313703
379258
579087
779534
17588
953279
371325
773305
638486
237843
227961
224481
530116
687467
587634
858666
342756
513927