100 120
93 6
64 46
94 27
36 87
34 33
25 69
13 54
55 23
81 45
96 90
84 2
2 89
74 95
65 88
24 51
19 99
53 86
85 19
81 48
88 50
70 49
90 28
6 14
90 7
64 50
54 87
29 74
8 61
38 3
45 48
12 55
64 55
87 18
79 60
81 49
18 75
12 37
27 22
64 100
66 33
28 32
63 31
40 7
76 44
7 58
4 48
86 73
95 29
59 54
90 47
92 8
77 30
64 12
39 71
20 79
80 55
44 8
16 98
94 35
89 16
94 63
90 52
75 13
99 77
20 4
100 25
33 85
60 21
12 23
15 43
61 91
45 70
64 39
90 42
49 45
26 34
81 79
37 80
71 80
100 23
67 76
56 26
11 66
90 83
1 92
91 67
51 96
45 20
32 40
14 68
63 97
13 59
9 41
80 88
10 93
41 17
72 24
44 38
86 11
66 94
88 39
10 62
87 75
98 15
48 49
82 1
80 65
37 23
20 21
10 68
43 56
48 79
60 4
90 78
22 9
79 70
17 84
39 25
58 40
39 100