20 100
0 2 5 4
0 4 14 3
1 7 8
1 8 18
1 3 11
1 12 19
1 8 16
0 6 12 6
1 15 19
1 14 18
0 1 17 2
0 12 12 6
0 0 6 1
0 4 9 9
1 9 11
0 11 17 1
0 7 9 7
1 13 17
1 5 6
0 4 19 8
0 9 12 3
0 8 10 8
0 0 9 6
0 5 18 6
0 1 15 9
1 4 8
0 10 13 0
1 4 4
1 7 16
0 7 11 5
0 12 16 1
0 8 15 7
1 1 18
0 9 17 5
0 8 18 3
0 8 9 6
1 3 3
0 6 18 0
1 8 18
1 9 17
0 4 16 3
1 3 10
0 5 12 4
1 5 19
1 6 9
1 2 4
0 7 15 4
1 2 11
1 3 19
1 0 8
1 10 11
0 1 1 0
1 0 5
1 4 6
1 5 8
1 2 18
1 2 17
1 0 16
1 19 19
1 8 11
0 1 11 0
0 0 14 3
0 1 19 6
0 13 13 8
1 6 15
1 0 4
1 4 16
1 7 16
0 16 19 8
0 8 12 2
0 9 16 0
1 6 7
0 12 13 1
0 19 19 1
1 11 19
1 5 7
1 7 10
1 0 18
1 2 9
1 1 10
1 12 12
1 5 10
0 2 19 0
1 13 18
1 4 10
1 1 9
0 12 16 5
1 4 19
0 13 16 0
0 0 2 9
1 5 13
0 4 7 3
0 6 14 9
1 2 2
1 1 4
1 8 8
0 8 12 8
1 8 16
0 3 8 3
0 8 10 4