2000 4000
0 3999
1 3998
2 3997
3 3996
4 3995
5 3994
6 3993
7 3992
8 3991
9 3990
10 3989
11 3988
12 3987
13 3986
14 3985
15 3984
16 3983
17 3982
18 3981
19 3980
20 3979
21 3978
22 3977
23 3976
24 3975
25 3974
26 3973
27 3972
28 3971
29 3970
30 3969
31 3968
32 3967
33 3966
34 3965
35 3964
36 3963
37 3962
38 3961
39 3960
40 3959
41 3958
42 3957
43 3956
44 3955
45 3954
46 3953
47 3952
48 3951
49 3950
50 3949
51 3948
52 3947
53 3946
54 3945
55 3944
56 3943
57 3942
58 3941
59 3940
60 3939
61 3938
62 3937
63 3936
64 3935
65 3934
66 3933
67 3932
68 3931
69 3930
70 3929
71 3928
72 3927
73 3926
74 3925
75 3924
76 3923
77 3922
78 3921
79 3920
80 3919
81 3918
82 3917
83 3916
84 3915
85 3914
86 3913
87 3912
88 3911
89 3910
90 3909
91 3908
92 3907
93 3906
94 3905
95 3904
96 3903
97 3902
98 3901
99 3900
100 3899
101 3898
102 3897
103 3896
104 3895
105 3894
106 3893
107 3892
108 3891
109 3890
110 3889
111 3888
112 3887
113 3886
114 3885
115 3884
116 3883
117 3882
118 3881
119 3880
120 3879
121 3878
122 3877
123 3876
124 3875
125 3874
126 3873
127 3872
128 3871
129 3870
130 3869
131 3868
132 3867
133 3866
134 3865
135 3864
136 3863
137 3862
138 3861
139 3860
140 3859
141 3858
142 3857
143 3856
144 3855
145 3854
146 3853
147 3852
148 3851
149 3850
150 3849
151 3848
152 3847
153 3846
154 3845
155 3844
156 3843
157 3842
158 3841
159 3840
160 3839
161 3838
162 3837
163 3836
164 3835
165 3834
166 3833
167 3832
168 3831
169 3830
170 3829
171 3828
172 3827
173 3826
174 3825
175 3824
176 3823
177 3822
178 3821
179 3820
180 3819
181 3818
182 3817
183 3816
184 3815
185 3814
186 3813
187 3812
188 3811
189 3810
190 3809
191 3808
192 3807
193 3806
194 3805
195 3804
196 3803
197 3802
198 3801
199 3800
200 3799
201 3798
202 3797
203 3796
204 3795
205 3794
206 3793
207 3792
208 3791
209 3790
210 3789
211 3788
212 3787
213 3786
214 3785
215 3784
216 3783
217 3782
218 3781
219 3780
220 3779
221 3778
222 3777
223 3776
224 3775
225 3774
226 3773
227 3772
228 3771
229 3770
230 3769
231 3768
232 3767
233 3766
234 3765
235 3764
236 3763
237 3762
238 3761
239 3760
240 3759
241 3758
242 3757
243 3756
244 3755
245 3754
246 3753
247 3752
248 3751
249 3750
250 3749
251 3748
252 3747
253 3746
254 3745
255 3744
256 3743
257 3742
258 3741
259 3740
260 3739
261 3738
262 3737
263 3736
264 3735
265 3734
266 3733
267 3732
268 3731
269 3730
270 3729
271 3728
272 3727
273 3726
274 3725
275 3724
276 3723
277 3722
278 3721
279 3720
280 3719
281 3718
282 3717
283 3716
284 3715
285 3714
286 3713
287 3712
288 3711
289 3710
290 3709
291 3708
292 3707
293 3706
294 3705
295 3704
296 3703
297 3702
298 3701
299 3700
300 3699
301 3698
302 3697
303 3696
304 3695
305 3694
306 3693
307 3692
308 3691
309 3690
310 3689
311 3688
312 3687
313 3686
314 3685
315 3684
316 3683
317 3682
318 3681
319 3680
320 3679
321 3678
322 3677
323 3676
324 3675
325 3674
326 3673
327 3672
328 3671
329 3670
330 3669
331 3668
332 3667
333 3666
334 3665
335 3664
336 3663
337 3662
338 3661
339 3660
340 3659
341 3658
342 3657
343 3656
344 3655
345 3654
346 3653
347 3652
348 3651
349 3650
350 3649
351 3648
352 3647
353 3646
354 3645
355 3644
356 3643
357 3642
358 3641
359 3640
360 3639
361 3638
362 3637
363 3636
364 3635
365 3634
366 3633
367 3632
368 3631
369 3630
370 3629
371 3628
372 3627
373 3626
374 3625
375 3624
376 3623
377 3622
378 3621
379 3620
380 3619
381 3618
382 3617
383 3616
384 3615
385 3614
386 3613
387 3612
388 3611
389 3610
390 3609
391 3608
392 3607
393 3606
394 3605
395 3604
396 3603
397 3602
398 3601
399 3600
400 3599
401 3598
402 3597
403 3596
404 3595
405 3594
406 3593
407 3592
408 3591
409 3590
410 3589
411 3588
412 3587
413 3586
414 3585
415 3584
416 3583
417 3582
418 3581
419 3580
420 3579
421 3578
422 3577
423 3576
424 3575
425 3574
426 3573
427 3572
428 3571
429 3570
430 3569
431 3568
432 3567
433 3566
434 3565
435 3564
436 3563
437 3562
438 3561
439 3560
440 3559
441 3558
442 3557
443 3556
444 3555
445 3554
446 3553
447 3552
448 3551
449 3550
450 3549
451 3548
452 3547
453 3546
454 3545
455 3544
456 3543
457 3542
458 3541
459 3540
460 3539
461 3538
462 3537
463 3536
464 3535
465 3534
466 3533
467 3532
468 3531
469 3530
470 3529
471 3528
472 3527
473 3526
474 3525
475 3524
476 3523
477 3522
478 3521
479 3520
480 3519
481 3518
482 3517
483 3516
484 3515
485 3514
486 3513
487 3512
488 3511
489 3510
490 3509
491 3508
492 3507
493 3506
494 3505
495 3504
496 3503
497 3502
498 3501
499 3500
500 3499
501 3498
502 3497
503 3496
504 3495
505 3494
506 3493
507 3492
508 3491
509 3490
510 3489
511 3488
512 3487
513 3486
514 3485
515 3484
516 3483
517 3482
518 3481
519 3480
520 3479
521 3478
522 3477
523 3476
524 3475
525 3474
526 3473
527 3472
528 3471
529 3470
530 3469
531 3468
532 3467
533 3466
534 3465
535 3464
536 3463
537 3462
538 3461
539 3460
540 3459
541 3458
542 3457
543 3456
544 3455
545 3454
546 3453
547 3452
548 3451
549 3450
550 3449
551 3448
552 3447
553 3446
554 3445
555 3444
556 3443
557 3442
558 3441
559 3440
560 3439
561 3438
562 3437
563 3436
564 3435
565 3434
566 3433
567 3432
568 3431
569 3430
570 3429
571 3428
572 3427
573 3426
574 3425
575 3424
576 3423
577 3422
578 3421
579 3420
580 3419
581 3418
582 3417
583 3416
584 3415
585 3414
586 3413
587 3412
588 3411
589 3410
590 3409
591 3408
592 3407
593 3406
594 3405
595 3404
596 3403
597 3402
598 3401
599 3400
600 3399
601 3398
602 3397
603 3396
604 3395
605 3394
606 3393
607 3392
608 3391
609 3390
610 3389
611 3388
612 3387
613 3386
614 3385
615 3384
616 3383
617 3382
618 3381
619 3380
620 3379
621 3378
622 3377
623 3376
624 3375
625 3374
626 3373
627 3372
628 3371
629 3370
630 3369
631 3368
632 3367
633 3366
634 3365
635 3364
636 3363
637 3362
638 3361
639 3360
640 3359
641 3358
642 3357
643 3356
644 3355
645 3354
646 3353
647 3352
648 3351
649 3350
650 3349
651 3348
652 3347
653 3346
654 3345
655 3344
656 3343
657 3342
658 3341
659 3340
660 3339
661 3338
662 3337
663 3336
664 3335
665 3334
666 3333
667 3332
668 3331
669 3330
670 3329
671 3328
672 3327
673 3326
674 3325
675 3324
676 3323
677 3322
678 3321
679 3320
680 3319
681 3318
682 3317
683 3316
684 3315
685 3314
686 3313
687 3312
688 3311
689 3310
690 3309
691 3308
692 3307
693 3306
694 3305
695 3304
696 3303
697 3302
698 3301
699 3300
700 3299
701 3298
702 3297
703 3296
704 3295
705 3294
706 3293
707 3292
708 3291
709 3290
710 3289
711 3288
712 3287
713 3286
714 3285
715 3284
716 3283
717 3282
718 3281
719 3280
720 3279
721 3278
722 3277
723 3276
724 3275
725 3274
726 3273
727 3272
728 3271
729 3270
730 3269
731 3268
732 3267
733 3266
734 3265
735 3264
736 3263
737 3262
738 3261
739 3260
740 3259
741 3258
742 3257
743 3256
744 3255
745 3254
746 3253
747 3252
748 3251
749 3250
750 3249
751 3248
752 3247
753 3246
754 3245
755 3244
756 3243
757 3242
758 3241
759 3240
760 3239
761 3238
762 3237
763 3236
764 3235
765 3234
766 3233
767 3232
768 3231
769 3230
770 3229
771 3228
772 3227
773 3226
774 3225
775 3224
776 3223
777 3222
778 3221
779 3220
780 3219
781 3218
782 3217
783 3216
784 3215
785 3214
786 3213
787 3212
788 3211
789 3210
790 3209
791 3208
792 3207
793 3206
794 3205
795 3204
796 3203
797 3202
798 3201
799 3200
800 3199
801 3198
802 3197
803 3196
804 3195
805 3194
806 3193
807 3192
808 3191
809 3190
810 3189
811 3188
812 3187
813 3186
814 3185
815 3184
816 3183
817 3182
818 3181
819 3180
820 3179
821 3178
822 3177
823 3176
824 3175
825 3174
826 3173
827 3172
828 3171
829 3170
830 3169
831 3168
832 3167
833 3166
834 3165
835 3164
836 3163
837 3162
838 3161
839 3160
840 3159
841 3158
842 3157
843 3156
844 3155
845 3154
846 3153
847 3152
848 3151
849 3150
850 3149
851 3148
852 3147
853 3146
854 3145
855 3144
856 3143
857 3142
858 3141
859 3140
860 3139
861 3138
862 3137
863 3136
864 3135
865 3134
866 3133
867 3132
868 3131
869 3130
870 3129
871 3128
872 3127
873 3126
874 3125
875 3124
876 3123
877 3122
878 3121
879 3120
880 3119
881 3118
882 3117
883 3116
884 3115
885 3114
886 3113
887 3112
888 3111
889 3110
890 3109
891 3108
892 3107
893 3106
894 3105
895 3104
896 3103
897 3102
898 3101
899 3100
900 3099
901 3098
902 3097
903 3096
904 3095
905 3094
906 3093
907 3092
908 3091
909 3090
910 3089
911 3088
912 3087
913 3086
914 3085
915 3084
916 3083
917 3082
918 3081
919 3080
920 3079
921 3078
922 3077
923 3076
924 3075
925 3074
926 3073
927 3072
928 3071
929 3070
930 3069
931 3068
932 3067
933 3066
934 3065
935 3064
936 3063
937 3062
938 3061
939 3060
940 3059
941 3058
942 3057
943 3056
944 3055
945 3054
946 3053
947 3052
948 3051
949 3050
950 3049
951 3048
952 3047
953 3046
954 3045
955 3044
956 3043
957 3042
958 3041
959 3040
960 3039
961 3038
962 3037
963 3036
964 3035
965 3034
966 3033
967 3032
968 3031
969 3030
970 3029
971 3028
972 3027
973 3026
974 3025
975 3024
976 3023
977 3022
978 3021
979 3020
980 3019
981 3018
982 3017
983 3016
984 3015
985 3014
986 3013
987 3012
988 3011
989 3010
990 3009
991 3008
992 3007
993 3006
994 3005
995 3004
996 3003
997 3002
998 3001
999 3000
1000 2999
1001 2998
1002 2997
1003 2996
1004 2995
1005 2994
1006 2993
1007 2992
1008 2991
1009 2990
1010 2989
1011 2988
1012 2987
1013 2986
1014 2985
1015 2984
1016 2983
1017 2982
1018 2981
1019 2980
1020 2979
1021 2978
1022 2977
1023 2976
1024 2975
1025 2974
1026 2973
1027 2972
1028 2971
1029 2970
1030 2969
1031 2968
1032 2967
1033 2966
1034 2965
1035 2964
1036 2963
1037 2962
1038 2961
1039 2960
1040 2959
1041 2958
1042 2957
1043 2956
1044 2955
1045 2954
1046 2953
1047 2952
1048 2951
1049 2950
1050 2949
1051 2948
1052 2947
1053 2946
1054 2945
1055 2944
1056 2943
1057 2942
1058 2941
1059 2940
1060 2939
1061 2938
1062 2937
1063 2936
1064 2935
1065 2934
1066 2933
1067 2932
1068 2931
1069 2930
1070 2929
1071 2928
1072 2927
1073 2926
1074 2925
1075 2924
1076 2923
1077 2922
1078 2921
1079 2920
1080 2919
1081 2918
1082 2917
1083 2916
1084 2915
1085 2914
1086 2913
1087 2912
1088 2911
1089 2910
1090 2909
1091 2908
1092 2907
1093 2906
1094 2905
1095 2904
1096 2903
1097 2902
1098 2901
1099 2900
1100 2899
1101 2898
1102 2897
1103 2896
1104 2895
1105 2894
1106 2893
1107 2892
1108 2891
1109 2890
1110 2889
1111 2888
1112 2887
1113 2886
1114 2885
1115 2884
1116 2883
1117 2882
1118 2881
1119 2880
1120 2879
1121 2878
1122 2877
1123 2876
1124 2875
1125 2874
1126 2873
1127 2872
1128 2871
1129 2870
1130 2869
1131 2868
1132 2867
1133 2866
1134 2865
1135 2864
1136 2863
1137 2862
1138 2861
1139 2860
1140 2859
1141 2858
1142 2857
1143 2856
1144 2855
1145 2854
1146 2853
1147 2852
1148 2851
1149 2850
1150 2849
1151 2848
1152 2847
1153 2846
1154 2845
1155 2844
1156 2843
1157 2842
1158 2841
1159 2840
1160 2839
1161 2838
1162 2837
1163 2836
1164 2835
1165 2834
1166 2833
1167 2832
1168 2831
1169 2830
1170 2829
1171 2828
1172 2827
1173 2826
1174 2825
1175 2824
1176 2823
1177 2822
1178 2821
1179 2820
1180 2819
1181 2818
1182 2817
1183 2816
1184 2815
1185 2814
1186 2813
1187 2812
1188 2811
1189 2810
1190 2809
1191 2808
1192 2807
1193 2806
1194 2805
1195 2804
1196 2803
1197 2802
1198 2801
1199 2800
1200 2799
1201 2798
1202 2797
1203 2796
1204 2795
1205 2794
1206 2793
1207 2792
1208 2791
1209 2790
1210 2789
1211 2788
1212 2787
1213 2786
1214 2785
1215 2784
1216 2783
1217 2782
1218 2781
1219 2780
1220 2779
1221 2778
1222 2777
1223 2776
1224 2775
1225 2774
1226 2773
1227 2772
1228 2771
1229 2770
1230 2769
1231 2768
1232 2767
1233 2766
1234 2765
1235 2764
1236 2763
1237 2762
1238 2761
1239 2760
1240 2759
1241 2758
1242 2757
1243 2756
1244 2755
1245 2754
1246 2753
1247 2752
1248 2751
1249 2750
1250 2749
1251 2748
1252 2747
1253 2746
1254 2745
1255 2744
1256 2743
1257 2742
1258 2741
1259 2740
1260 2739
1261 2738
1262 2737
1263 2736
1264 2735
1265 2734
1266 2733
1267 2732
1268 2731
1269 2730
1270 2729
1271 2728
1272 2727
1273 2726
1274 2725
1275 2724
1276 2723
1277 2722
1278 2721
1279 2720
1280 2719
1281 2718
1282 2717
1283 2716
1284 2715
1285 2714
1286 2713
1287 2712
1288 2711
1289 2710
1290 2709
1291 2708
1292 2707
1293 2706
1294 2705
1295 2704
1296 2703
1297 2702
1298 2701
1299 2700
1300 2699
1301 2698
1302 2697
1303 2696
1304 2695
1305 2694
1306 2693
1307 2692
1308 2691
1309 2690
1310 2689
1311 2688
1312 2687
1313 2686
1314 2685
1315 2684
1316 2683
1317 2682
1318 2681
1319 2680
1320 2679
1321 2678
1322 2677
1323 2676
1324 2675
1325 2674
1326 2673
1327 2672
1328 2671
1329 2670
1330 2669
1331 2668
1332 2667
1333 2666
1334 2665
1335 2664
1336 2663
1337 2662
1338 2661
1339 2660
1340 2659
1341 2658
1342 2657
1343 2656
1344 2655
1345 2654
1346 2653
1347 2652
1348 2651
1349 2650
1350 2649
1351 2648
1352 2647
1353 2646
1354 2645
1355 2644
1356 2643
1357 2642
1358 2641
1359 2640
1360 2639
1361 2638
1362 2637
1363 2636
1364 2635
1365 2634
1366 2633
1367 2632
1368 2631
1369 2630
1370 2629
1371 2628
1372 2627
1373 2626
1374 2625
1375 2624
1376 2623
1377 2622
1378 2621
1379 2620
1380 2619
1381 2618
1382 2617
1383 2616
1384 2615
1385 2614
1386 2613
1387 2612
1388 2611
1389 2610
1390 2609
1391 2608
1392 2607
1393 2606
1394 2605
1395 2604
1396 2603
1397 2602
1398 2601
1399 2600
1400 2599
1401 2598
1402 2597
1403 2596
1404 2595
1405 2594
1406 2593
1407 2592
1408 2591
1409 2590
1410 2589
1411 2588
1412 2587
1413 2586
1414 2585
1415 2584
1416 2583
1417 2582
1418 2581
1419 2580
1420 2579
1421 2578
1422 2577
1423 2576
1424 2575
1425 2574
1426 2573
1427 2572
1428 2571
1429 2570
1430 2569
1431 2568
1432 2567
1433 2566
1434 2565
1435 2564
1436 2563
1437 2562
1438 2561
1439 2560
1440 2559
1441 2558
1442 2557
1443 2556
1444 2555
1445 2554
1446 2553
1447 2552
1448 2551
1449 2550
1450 2549
1451 2548
1452 2547
1453 2546
1454 2545
1455 2544
1456 2543
1457 2542
1458 2541
1459 2540
1460 2539
1461 2538
1462 2537
1463 2536
1464 2535
1465 2534
1466 2533
1467 2532
1468 2531
1469 2530
1470 2529
1471 2528
1472 2527
1473 2526
1474 2525
1475 2524
1476 2523
1477 2522
1478 2521
1479 2520
1480 2519
1481 2518
1482 2517
1483 2516
1484 2515
1485 2514
1486 2513
1487 2512
1488 2511
1489 2510
1490 2509
1491 2508
1492 2507
1493 2506
1494 2505
1495 2504
1496 2503
1497 2502
1498 2501
1499 2500
1500 2499
1501 2498
1502 2497
1503 2496
1504 2495
1505 2494
1506 2493
1507 2492
1508 2491
1509 2490
1510 2489
1511 2488
1512 2487
1513 2486
1514 2485
1515 2484
1516 2483
1517 2482
1518 2481
1519 2480
1520 2479
1521 2478
1522 2477
1523 2476
1524 2475
1525 2474
1526 2473
1527 2472
1528 2471
1529 2470
1530 2469
1531 2468
1532 2467
1533 2466
1534 2465
1535 2464
1536 2463
1537 2462
1538 2461
1539 2460
1540 2459
1541 2458
1542 2457
1543 2456
1544 2455
1545 2454
1546 2453
1547 2452
1548 2451
1549 2450
1550 2449
1551 2448
1552 2447
1553 2446
1554 2445
1555 2444
1556 2443
1557 2442
1558 2441
1559 2440
1560 2439
1561 2438
1562 2437
1563 2436
1564 2435
1565 2434
1566 2433
1567 2432
1568 2431
1569 2430
1570 2429
1571 2428
1572 2427
1573 2426
1574 2425
1575 2424
1576 2423
1577 2422
1578 2421
1579 2420
1580 2419
1581 2418
1582 2417
1583 2416
1584 2415
1585 2414
1586 2413
1587 2412
1588 2411
1589 2410
1590 2409
1591 2408
1592 2407
1593 2406
1594 2405
1595 2404
1596 2403
1597 2402
1598 2401
1599 2400
1600 2399
1601 2398
1602 2397
1603 2396
1604 2395
1605 2394
1606 2393
1607 2392
1608 2391
1609 2390
1610 2389
1611 2388
1612 2387
1613 2386
1614 2385
1615 2384
1616 2383
1617 2382
1618 2381
1619 2380
1620 2379
1621 2378
1622 2377
1623 2376
1624 2375
1625 2374
1626 2373
1627 2372
1628 2371
1629 2370
1630 2369
1631 2368
1632 2367
1633 2366
1634 2365
1635 2364
1636 2363
1637 2362
1638 2361
1639 2360
1640 2359
1641 2358
1642 2357
1643 2356
1644 2355
1645 2354
1646 2353
1647 2352
1648 2351
1649 2350
1650 2349
1651 2348
1652 2347
1653 2346
1654 2345
1655 2344
1656 2343
1657 2342
1658 2341
1659 2340
1660 2339
1661 2338
1662 2337
1663 2336
1664 2335
1665 2334
1666 2333
1667 2332
1668 2331
1669 2330
1670 2329
1671 2328
1672 2327
1673 2326
1674 2325
1675 2324
1676 2323
1677 2322
1678 2321
1679 2320
1680 2319
1681 2318
1682 2317
1683 2316
1684 2315
1685 2314
1686 2313
1687 2312
1688 2311
1689 2310
1690 2309
1691 2308
1692 2307
1693 2306
1694 2305
1695 2304
1696 2303
1697 2302
1698 2301
1699 2300
1700 2299
1701 2298
1702 2297
1703 2296
1704 2295
1705 2294
1706 2293
1707 2292
1708 2291
1709 2290
1710 2289
1711 2288
1712 2287
1713 2286
1714 2285
1715 2284
1716 2283
1717 2282
1718 2281
1719 2280
1720 2279
1721 2278
1722 2277
1723 2276
1724 2275
1725 2274
1726 2273
1727 2272
1728 2271
1729 2270
1730 2269
1731 2268
1732 2267
1733 2266
1734 2265
1735 2264
1736 2263
1737 2262
1738 2261
1739 2260
1740 2259
1741 2258
1742 2257
1743 2256
1744 2255
1745 2254
1746 2253
1747 2252
1748 2251
1749 2250
1750 2249
1751 2248
1752 2247
1753 2246
1754 2245
1755 2244
1756 2243
1757 2242
1758 2241
1759 2240
1760 2239
1761 2238
1762 2237
1763 2236
1764 2235
1765 2234
1766 2233
1767 2232
1768 2231
1769 2230
1770 2229
1771 2228
1772 2227
1773 2226
1774 2225
1775 2224
1776 2223
1777 2222
1778 2221
1779 2220
1780 2219
1781 2218
1782 2217
1783 2216
1784 2215
1785 2214
1786 2213
1787 2212
1788 2211
1789 2210
1790 2209
1791 2208
1792 2207
1793 2206
1794 2205
1795 2204
1796 2203
1797 2202
1798 2201
1799 2200
1800 2199
1801 2198
1802 2197
1803 2196
1804 2195
1805 2194
1806 2193
1807 2192
1808 2191
1809 2190
1810 2189
1811 2188
1812 2187
1813 2186
1814 2185
1815 2184
1816 2183
1817 2182
1818 2181
1819 2180
1820 2179
1821 2178
1822 2177
1823 2176
1824 2175
1825 2174
1826 2173
1827 2172
1828 2171
1829 2170
1830 2169
1831 2168
1832 2167
1833 2166
1834 2165
1835 2164
1836 2163
1837 2162
1838 2161
1839 2160
1840 2159
1841 2158
1842 2157
1843 2156
1844 2155
1845 2154
1846 2153
1847 2152
1848 2151
1849 2150
1850 2149
1851 2148
1852 2147
1853 2146
1854 2145
1855 2144
1856 2143
1857 2142
1858 2141
1859 2140
1860 2139
1861 2138
1862 2137
1863 2136
1864 2135
1865 2134
1866 2133
1867 2132
1868 2131
1869 2130
1870 2129
1871 2128
1872 2127
1873 2126
1874 2125
1875 2124
1876 2123
1877 2122
1878 2121
1879 2120
1880 2119
1881 2118
1882 2117
1883 2116
1884 2115
1885 2114
1886 2113
1887 2112
1888 2111
1889 2110
1890 2109
1891 2108
1892 2107
1893 2106
1894 2105
1895 2104
1896 2103
1897 2102
1898 2101
1899 2100
1900 2099
1901 2098
1902 2097
1903 2096
1904 2095
1905 2094
1906 2093
1907 2092
1908 2091
1909 2090
1910 2089
1911 2088
1912 2087
1913 2086
1914 2085
1915 2084
1916 2083
1917 2082
1918 2081
1919 2080
1920 2079
1921 2078
1922 2077
1923 2076
1924 2075
1925 2074
1926 2073
1927 2072
1928 2071
1929 2070
1930 2069
1931 2068
1932 2067
1933 2066
1934 2065
1935 2064
1936 2063
1937 2062
1938 2061
1939 2060
1940 2059
1941 2058
1942 2057
1943 2056
1944 2055
1945 2054
1946 2053
1947 2052
1948 2051
1949 2050
1950 2049
1951 2048
1952 2047
1953 2046
1954 2045
1955 2044
1956 2043
1957 2042
1958 2041
1959 2040
1960 2039
1961 2038
1962 2037
1963 2036
1964 2035
1965 2034
1966 2033
1967 2032
1968 2031
1969 2030
1970 2029
1971 2028
1972 2027
1973 2026
1974 2025
1975 2024
1976 2023
1977 2022
1978 2021
1979 2020
1980 2019
1981 2018
1982 2017
1983 2016
1984 2015
1985 2014
1986 2013
1987 2012
1988 2011
1989 2010
1990 2009
1991 2008
1992 2007
1993 2006
1994 2005
1995 2004
1996 2003
1997 2002
1998 2001
1999 2000