10000
3
5
255602
517241
749821
673125
182812
257535
649472
809350
994048
97466
172938
678625
989936
635578
625417
941071
48303
523473
428112
634736
371505
352526
997527
191536
538247
17694
177408
352931
10299
222747
608172
546391
299275
915624
956461
933618
73288
151698
170709
258876
236262
827209
788914
137589
628306
685921
394273
736626
182223
749469
409248
533099
51055
540141
920425
984643
162539
855791
596123
910059
720888
380864
552443
385182
907157
50426
270493
214405
782488
127617
485360
912944
324834
479469
222016
607485
163552
721589
977225
960134
683217
758551
863634
326437
926034
87704
928781
442501
531817
304160
736641
947705
389970
442305
423243
770704
319931
133419
970422
105541
649119
164917
699453
488629
302049
409192
748964
676033
641258
701644
903591
678454
482314
793027
14039
73112
465637
751762
639727
364609
805955
363355
923231
888666
843067
326784
627672
855216
969298
739623
848727
146878
144501
379208
185097
831654
197187
447648
831452
644481
117316
997119
28952
599907
202816
294704
203323
322495
539125
46884
77496
307607
530270
382132
555768
758992
244809
80661
408266
1570
148206
583877
390558
114133
297897
12906
89777
397694
320954
505829
710401
280557
508933
7437
978972
835896
489616
952195
971186
810694
285578
579905
626358
709648
800932
168170
174832
808135
177782
544243
843877
517121
76997
778389
775158
858047
775561
541962
106384
205545
300395
672119
765850
922715
932874
547078
684229
846663
607042
522935
290789
676552
652644
327274
724684
68341
83738
797806
520160
634123
258911
454542
449718
53174
737551
131682
826600
534519
289691
443511
879917
330339
719751
498827
367520
376251
695212
945323
540581
59029
890991
92392
660351
887229
437117
152087
173793
985829
708101
964010
288666
113982
410749
226496
46975
431244
802332
834296
956264
142643
828506
809418
626219
792643
622062
35408
100566
490127
883463
578713
336123
572024
578653
654997
839679
118583
46596
705564
346382
766634
679815
929927
73859
357776
837928
33138
147879
557831
284284
33325
2017
652315
390520
785482
252147
368346
973576
557881
74707
605216
584177
847214
113892
332136
435418
364457
958082
941203
944091
507982
465482
229263
749176
853359
403223
709105
617813
657663
617386
597499
262806
331490
388998
961663
488665
877716
168231
733445
324200
967230
697295
261684
663033
18669
971459
149913
16348
928513
171282
2802
512856
175848
499866
966840
969227
446428
725820
893131
325585
153691
75458
150880
303943
203535
935580
56910
885265
285502
513033
49218
355495
727271
797936
368006
825832
635173
895542
637327
979169
599215
396214
88555
471934
62966
889405
852597
530022
276372
953808
24885
434110
500283
335897
983210
794883
16388
373519
545800
597989
119872
79601
436938
822209
180684
948574
972920
948990
872536
714878
426161
378186
987843
492733
679240
58113
228085
685405
320410
47685
84981
42166
141483
598936
481782
47478
749405
679152
463601
160950
486010
448390
690135
896823
845795
390327
884962
333450
50830
609583
738527
911027
313703
379258
579087
779534
17588
953279
371325
773305
638486
237843
227961
224481
530116
687467
587634
858666
342756
513927
660077
464875
897967
196558
697455
345950
987511
797544
51515
770561
228253
920544
860114
485164
560614
31733
280495
503223
297272
560064
350182
96216
328324
867277
639422
79657
463526
326997
330243
417472
725225
655084
420282
532433
719720
664258
633220
220745
428843
650613
722959
542326
357258
165543
773934
516785
423311
822267
377678
440823
303082
635699
474221
647730
525961
638813
963399
996114
468286
458820
129878
781991
13287
258133
525516
69801
269457
631821
77262
907043
812087
9176
703170
525587
166136
488841
992760
956136
519807
607658
396650
962448
405612
509999
952793
256994
575907
814583
990986
807711
587573
566323
129556
960614
344003
736223
772111
652185
515193
918016
948640
487313
326325
241737
155817
385734
683012
346295
594535
600768
685096
518170
994399
53202
655255
699374
938598
682704
593409
336763
585581
83997
355558
339625
769802
404804
703776
515635
740526
493248
246215
268045
554837
692507
539584
118293
973905
664527
154613
409933
416711
141798
740068
840635
584039
655854
226235
504203
134502
430947
482268
12494
615380
957810
540374
461813
196366
391548
296696
114593
764118
336192
994607
975176
697904
576866
295234
737986
411074
156751
658233
556493
219681
446636
815120
953842
115301
923196
84303
112258
682856
339757
344071
684670
648929
797675
95398
881711
233701
882084
945326
250619
433600
955278
372584
544420
154310
558660
46736
227820
197836
639697
908500
356899
959840
85499
33437
606842
234920
260112
901353
764460
421087
24665
995597
709978
149885
298571
94989
693618
223785
946720
251175
59897
319218
899585
157350
323696
254499
282068
339836
759965
561347
144482
992028
268444
284088
223229
212905
544638
554225
357381
499956
641598
557705
917848
468862
489426
918366
763606
627723
427807
947759
942545
899872
645845
511883
30107
498057
512406
55470
409152
785902
547444
623375
878292
252457
703913
771144
587218
380179
478395
413885
412556
917927
702919
805331
609107
152653
309848
608141
69667
593377
52887
25647
529918
923200
581604
155973
515101
987673
472795
561491
638275
339382
660797
941163
224467
325459
5532
936136
489590
420820
166171
172739
902137
112312
173038
399423
100309
937696
868923
444137
620070
582982
769147
176166
667590
998965
710140
716346
184532
519673
371863
564709
418899
839848
434767
335534
563313
790366
614947
170278
63222
811089
216596
550276
167889
34643
491504
214154
982264
221100
144068
55729
49601
63327
689127
892990
243277
529154
277069
708399
392545
770207
242682
191750
88911
990188
707759
215184
284084
318970
966220
824178
931927
420276
888326
989577
205977
447700
1438
647829
534168
430595
140311
32394
966419
760944
530935
175222
217447
142494
284607
251733
63759
345862
750982
35469
356585
864536
961640
472817
652260
58097
189883
285762
210572
637826
877148
4205
760356
791926
618393
860359
859070
826673
873680
170689
448384
291160
960956
291142
181069
512192
741138
92113
647516
888362
213645
294572
315866
254083
292204
632095
820312
236386
203184
649624
657371
838829
40802
703201
369376
149649
819477
213493
98061
639634
843743
108819
977989
969987
921408
181315
936067
608892
559611
299267
365385
270713
347697
885652
892492
815838
936179
219674
207559
132661
260735
311752
766933
587312
236653
440628
429539
348168
711890
416457
966963
463712
66921
632886
936582
737122
916675
641225
348173
364569
967683
612361
992808
587211
688800
188895
169035
436360
743702
812573
618577
375376
530322
474719
587961
680993
252336
691030
407678
927750
42395
177059
635346
805843
813156
891675
421590
563040
6903
177951
459095
112355
211170
847433
557097
42328
481364
215730
239791
490404
78575
750752
305491
660369
8996
445640
38189
131145
769506
106020
685828
493805
326791
657159
263476
13040
447095
733685
518155
922200
754688
783646
351591
862978
307809
829299
866024
335599
175438
137829
466510
536177
542903
416291
6640
155582
621250
649329
370916
9719
305492
512740
554269
210003
900595
318396
801719
407652
751251
264000
228171
140556
665011
128915
747018
871187
726645
560139
671292
807336
819544
397034
794022
619996
568611
58863
597602
826050
62214
754611
320782
696857
812183
713175
512083
946164
875459
991669
86967
992790
370649
215238
878680
402202
421007
227116
112448
441533
905760
872300
185284
294879
99007
581038
132240
25244
992708
545826
952007
828763
759446
93688
708361
322130
671188
857268
3806
155817
938462
483641
810882
692029
703857
868903
546910
789362
953089
753559
791726
737282
315786
379214
654198
280616
345044
428296
275497
189762
473698
620910
856750
644184
887971
549790
538443
306702
52845
453814
393909
998748
882350
761283
375106
904507
340266
436507
276099
179852
275614
871983
122954
372062
301157
953230
255404
568643
394921
326997
599300
246802
11421
559459
365991
524042
514344
768737
228243
948378
793752
633886
789978
225473
547357
853229
982253
768685
570716
464828
731636
811423
214628
80345
467653
760276
427973
129587
84467
747476
115470
299110
301012
883290
882887
990262
647184
741179
332707
614208
285653
43383
205249
582905
871271
275021
325968
461783
794929
432837
989503
235081
343987
285207
592500
56692
554240
574474
765766
770483
401945
799324
953872
916255
272607
41667
238281
634373
301154
174372
640025
234526
28521
798965
23399
696041
135968
741222
974892
759240
292516
925789
884366
679216
20325
376776
104788
207479
20983
726941
369824
627899
902330
658663
142071
994854
889575
808559
648120
498779
672832
911524
803409
732402
368567
339332
652088
61671
176829
111327
214284
544152
370033
122768
925541
549200
325408
505961
250283
583452
33901
275895
579788
204659
691980
335115
369605
821246
815708
277000
49659
105084
568775
939189
823633
350306
820138
756683
907182
643595
168314
537708
20230
409490
580295
985678
510490
33918
391288
923844
537472
474051
759325
16676
11298
340870
186293
817879
842033
323254
985158
505753
845604
58853
237528
420835
37727
31409
650201
292739
465780
899412
980772
769942
543140
724129
514118
900275
474147
260242
499791
285364
247413
55578
719269
341354
234098
514021
96973
925517
128359
177419
88183
400931
127247
467669
299560
800192
423548
213025
546166
489477
774906
897833
815976
973364
275749
584943
442220
711835
664940
929829
454883
937617
931467
699458
860471
921182
172583
283472
814712
954903
325577
255630
573495
129396
727747
215955
273231
959900
698916
253916
421438
981158
297499
903141
94943
555937
947192
519566
540101
740218
654907
392412
699544
285680
653592
84469
230535
847547
796131
12381
162283
743803
205285
416909
981938
731390
790987
754483
105044
232634
562827
936919
173669
627531
356856
691094
301664
276590
902782
700574
986009
765493
704586
13164
53708
216336
365582
563691
502901
194357
418268
817721
951104
193430
488379
93811
469030
67432
252760
638300
788222
954184
584541
931191
908421
419902
65749
318540
188746
169694
94788
11506
554009
592623
652840
737440
718432
380185
605618
378564
808127
336914
491261
470258
734911
694732
330935
924661
15634
667692
189022
908304
781149
341648
750648
141948
502988
851975
566073
34580
949140
171285
409349
100024
962508
288552
54484
29088
404297
322568
929115
720873
530991
202495
112704
820091
255919
377153
785137
770226
512546
856997
373680
965165
354845
9012
743854
282213
654248
881343
346570
776906
16793
41685
783525
417116
286528
929679
212574
139126
312221
244591
83187
141429
323846
872614
188304
927605
330342
714577
965480
408350
927
206187
590113
409659
760401
398688
495359
433681
599803
551077
796462
757140
713513
788273
130158
268528
991348
636953
990148
683221
544481
9188
66868
816729
243116
153413
914019
871472
280018
403458
589378
43108
517213
914211
566369
716842
292547
940163
234270
708526
581759
418554
789158
646064
465493
824767
493522
699348
255050
704469
606733
87326
593622
572537
523813
856708
640991
717186
742877
453304
559305
563963
367628
291342
508966
857310
125528
47901
221568
291521
500133
742358
589631
9552
124205
554677
387199
519766
393126
736343
983923
446213
441197
518630
115656
21811
368599
387914
737629
611074
397160
297427
328090
815678
368180
312555
663981
748452
712842
900334
296616
614124
66588
620029
730044
466020
844501
232605
180195
594365
616802
23456
358173
796337
899036
241726
423902
406144
953893
305348
305816
820863
116183
572429
260694
631255
377673
506806
352695
763603
232751
213684
63225
829754
486578
156559
459744
721459
410921
168774
594220
143527
40029
644565
282146
709889
51516
877877
760483
329835
20338
493758
993567
290655
212353
228987
796322
810200
903930
819384
174604
47600
139605
333897
684706
956539
3964
552414
634988
557073
712582
351678
302077
513569
603467
932415
811827
374158
826734
116771
799451
188052
237222
990935
163662
942343
412258
85762
212420
50765
752592
864498
722214
239936
173821
897747
199052
608652
557429
348162
764770
923132
794171
314052
139967
324817
801852
7215
682058
536316
145849
506794
936329
475045
465581
509291
179579
20535
273142
635678
919726
164080
915699
181442
799705
206620
156278
291844
495210
804049
124025
925954
797433
481718
985064
391568
403444
866342
46813
116777
914519
579470
55583
548097
155778
574984
830579
818549
849382
6232
176406
296934
229968
718947
901536
597256
345354
607814
495106
577447
766919
307816
888964
511417
528133
805784
203994
152730
378175
502672
238
92420
991596
976957
936067
706037
301052
671710
428388
668473
818853
604503
27548
24275
155430
945122
573998
120525
335701
398530
894186
656222
929685
729122
769521
118907
594793
440874
314157
62238
790901
477494
693384
487508
99947
150030
975363
73714
234392
488437
131305
39463
581907
232508
607291
724486
328194
192700
16263
873194
278016
603499
997543
274033
905785
487222
17080
945535
719236
184119
299875
59811
194921
235884
468056
956558
611704
330085
551639
783307
144434
510651
264616
178947
695997
568763
790174
911565
464414
98759
294184
727017
806117
112967
430456
529612
85978
807418
352874
910911
923101
37027
904713
216705
75711
259111
687515
525423
927970
196449
364011
915705
467761
89721
224766
503305
572307
798864
836106
961388
821543
562391
673760
266162
408997
362655
920641
27531
463535
848404
442290
916196
533141
786246
852369
484264
42483
302649
833439
776225
986325
607468
711174
163240
185359
672259
956866
333717
290257
690577
443511
731936
325518
864885
426187
17262
651922
228695
971503
561083
88719
711990
214864
551398
885714
42874
931314
450787
17325
254909
232576
99427
759620
458132
735520
310139
102640
926005
829181
713673
697200
414659
507056
981349
619988
3218
454675
486825
251166
973822
909262
359652
420601
317585
46488
598328
532525
235574
702147
577314
851787
374552
158438
502445
148828
273443
684993
260689
175336
919202
137582
663089
751831
645942
878706
66045
620312
635326
749101
836480
723017
192424
336171
455885
655018
783755
231730
253674
338913
467813
684318
771964
506673
314663
814977
308950
734446
512815
895907
158410
671051
359760
918661
565290
779585
403795
903753
299703
465063
894371
844119
203391
423824
112839
401076
684163
490595
238709
301462
62608
67962
791864
164088
818359
288981
493432
76620
671292
439325
74869
234765
121551
46718
715306
521313
689993
172979
411514
771502
589749
640902
917683
512213
254670
775258
690426
963344
888221
980032
429825
789192
944553
898047
700351
957958
879376
924114
377729
689477
313831
606542
135086
260786
780377
120388
972278
83597
873151
645285
675280
346342
353645
461380
118434
932656
614096
77990
855591
298052
653381
872124
65850
925532
748292
814309
373053
362003
178813
923248
106388
969839
313586
555031
751205
827342
904180
693383
832527
352578
194306
719732
444955
547228
793078
450440
270942
996405
377489
134330
646930
913228
804027
45639
851957
333998
397220
50939
893441
491365
738165
346227
243094
968079
935984
697832
147403
458820
585926
146543
446103
11104
669872
944267
146072
711495
633483
33562
397760
628081
920612
636751
272369
716474
851165
358288
39183
419235
711852
839254
375992
328918
472632
934894
920179
295786
608528
426368
50767
325181
270934
56806
841582
224560
778229
794134
108491
97854
253968
84278
656584
533743
137807
550977
125122
760085
685934
524308
620250
154214
544510
243841
756357
713975
179471
294156
190490
716738
512454
688468
802356
585287
373011
884910
682473
661024
603702
676076
60381
996319
322136
409243
600397
870008
135532
487932
319457
809657
435544
425197
456025
554663
577701
747437
497562
423912
564635
94366
395690
508439
994992
760833
620391
188848
599381
572588
44358
482625
965358
374591
523371
752166
549230
651090
776248
213905
440853
719594
644577
656302
192501
61277
545268
17112
322300
4890
403784
573498
758353
588909
395440
631071
940793
666426
196307
753958
461226
692469
168036
69253
740446
990411
417185
360082
327384
947397
552181
427061
183812
648418
121821
523280
977813
531807
86512
380204
55311
159625
976217
900430
987272
797827
12889
362892
901702
2038
809018
721046
697174
101342
96506
698686
971435
671554
228812
29372
201948
148932
454127
829719
555710
321174
425553
851106
704260
394549
880097
930322
232647
937641
556516
894127
346234
333374
888296
597188
821523
214683
531145
475013
885339
724871
870216
706715
840135
398331
41333
786807
333260
608859
189440
990689
764020
488316
220977
761143
330190
128499
992611
298936
537676
874115
389991
529906
218703
569817
708719
464927
391778
709488
461871
805878
413763
111533
427412
44903
935387
246110
826225
579060
584261
120987
798700
774124
733614
931782
786557
812998
515719
357457
240080
942535
747436
35181
195416
265174
650524
841151
163647
676139
24154
448584
397233
154369
79839
885109
930200
940229
124260
507222
902461
547927
984056
306538
170708
21510
569518
17927
430997
657744
539921
541301
750964
684316
285696
2545
12796
926302
525680
465812
749157
758690
817456
171890
785348
862132
865681
492923
91457
725681
68771
212347
47694
354201
691057
573519
973036
473512
592981
468260
813143
951800
173152
125189
337158
674575
742166
441729
832191
300275
792085
695496
157469
432558
836238
971111
672286
366065
605970
259042
498332
588988
342777
520068
86252
928170
278236
464900
585651
931386
211533
727619
589289
148069
674628
196465
592987
624106
229779
41762
381387
697407
918425
941792
594500
910948
813173
30646
163089
954827
54072
899036
935764
787017
897752
638385
240198
420102
801673
869440
857318
4367
447852
316088
753307
474912
115561
70149
302109
424810
178777
399644
596762
423947
740754
111304
502167
47876
218152
756786
307356
618213
992570
974079
915489
926669
418334
539834
375111
171868
56821
657030
723003
508067
731674
261556
746996
14638
387491
286900
371522
321597
573103
461348
525773
101218
244902
983391
829792
416116
304592
955237
290758
5840
238393
546319
325892
69711
153860
446784
122799
223974
526865
980404
530961
576278
276281
262066
904589
340977
184048
300133
534978
448509
96294
959696
17350
992934
674192
430598
5809
204098
453919
899191
620464
2537
183682
308878
36152
286430
378813
730167
137124
269450
892484
289105
725033
583858
176647
104676
438502
307847
112834
926919
56780
294131
31617
415615
482745
398646
167908
218349
137689
53470
83772
467296
771628
433396
779546
139528
125357
560090
585762
667607
350413
721143
898417
7067
825245
364702
701578
507556
121211
525415
575230
793240
333754
771474
259030
937804
235204
301579
387289
408097
232986
47707
524516
814615
245142
382592
755453
885345
223800
135144
273875
504070
735079
672132
878339
560338
155733
84071
926513
243743
803802
195771
465994
864120
252621
87283
542393
643320
643398
228047
248588
99164
320285
847787
438736
118586
56869
4607
201897
145318
686799
911671
84769
24717
846424
444171
292972
62987
259387
572790
748347
786821
484347
750342
967438
974578
117660
326873
4768
336345
373491
951620
974023
437456
970093
932255
912224
804102
452549
419497
9763
810392
356476
28858
466480
268478
219848
299850
746607
53755
506484
874960
445471
498228
974291
590396
868860
860240
566736
586215
595529
712973
5293
865758
389256
814263
863527
968610
838587
537914
225451
969237
416379
371004
772689
417192
912674
159528
725175
721601
494628
653827
709077
74841
550000
513389
551275
220384
617366
197732
978773
971815
511840
654750
318615
102943
785091
152737
165043
569340
907769
886541
52908
17947
401428
918885
667491
675577
668023
1410
585295
472591
45057
604101
790296
350666
662852
220216
757370
279397
164273
744410
515092
315520
799207
62523
847402
927097
800622
203905
665213
203017
868104
872345
905810
742513
756010
684937
294204
237158
588152
472793
537664
27599
648283
65577
218515
971635
900505
782746
373684
287948
548351
754051
84006
721657
674710
431388
822799
830953
941700
261370
509731
900989
579729
99401
471027
432840
464919
821704
693714
772066
147676
378944
799955
6263
383154
863667
222575
989564
457084
516929
866916
204798
985941
701602
768396
390836
87818
925881
931189
339286
680903
378738
707635
698721
354462
111943
161222
466795
602521
835454
949695
40414
991403
888635
472190
479864
964210
834955
559708
220892
376112
801454
119108
236654
235500
62015
119013
307631
225187
23216
513248
976305
219535
788442
738909
192334
183618
565291
685306
553884
860953
139280
156403
775364
412264
48818
827262
423384
312314
310415
296134
106974
548432
884395
669582
166645
614382
897777
864993
677056
215470
405754
295049
526286
895815
441150
41130
703596
69309
816486
830347
876530
935280
975931
553262
888692
406772
5079
112426
114260
664230
939615
146256
698906
174523
440174
100245
41073
621429
143404
387261
486994
870666
775892
134957
130888
615993
555861
846513
755699
693411
873781
748890
732410
486894
108192
14324
119109
565238
323870
496713
36090
917584
824874
150276
518261
822323
176916
308444
298724
922008
422801
623089
973029
108303
523630
581924
931355
853842
458253
179727
390887
948864
511371
373824
574289
744735
728977
905922
364034
964928
935265
417388
240972
931863
683201
389070
732703
175242
644227
431657
644302
867817
816507
853934
734541
472051
551195
965306
760259
22247
330969
293083
452180
709635
272897
589285
805508
264401
810341
30471
773732
771892
303446
339647
531607
103400
423582
613998
51859
454466
971296
239389
888783
752324
881549
827661
170028
554415
957310
712578
843098
669563
930048
307869
267279
509598
205761
456729
527852
151003
652031
843287
91158
433260
369016
362273
477913
683840
501560
937713
811599
368567
850104
20490
520323
62094
549566
493196
966708
614503
705974
309292
590069
869193
213419
987076
923954
688431
670648
641574
609359
908003
245024
641188
464368
261408
990328
735675
974297
879670
210124
103654
462744
532548
210868
910920
726754
950845
672749
581564
425890
321168
140241
164511
108679
96836
90929
948442
220381
526054
267459
30375
765311
594978
35508
116016
620982
358219
93544
747989
929736
598334
11055
607378
517495
829929
396287
437772
637531
931616
790247
515904
476158
560979
809587
177033
256694
841825
276648
950207
743023
909228
842907
70048
414896
320748
42465
338183
517907
325584
509420
65194
50654
885550
771804
278378
136819
519918
188283
491965
586164
745506
645755
321338
400217
695032
524233
119931
954690
102620
386161
7450
931720
877318
238405
725009
986978
877175
732240
286003
187100
449762
953895
807682
10039
864456
754237
369797
480917
132303
50987
566218
655785
719251
426885
91016
695370
458054
259448
856184
767837
851199
287493
31376
586248
151228
978813
852879
94002
109917
71813
64818
678794
39144
185064
599559
700276
457151
508159
404694
718495
830876
144547
868931
87622
596075
207488
207351
592556
697263
876037
520723
564749
79588
75975
263805
966535
46915
596329
924440
998725
215461
661922
392684
745465
80806
139097
183511
891478
153786
192732
593628
173203
53284
220021
185577
865802
625553
550156
308216
967132
333041
950857
931840
420485
783680
454862
95654
171417
921499
894596
575848
802203
614217
193149
640938
381351
867169
812140
471520
501341
254555
635693
784545
150055
26519
150814
809676
902402
471971
693636
823384
279864
225280
23837
901417
85258
790312
47284
219568
11723
313470
275402
242964
692468
776764
140264
212682
168819
112004
192844
32753
663142
49545
140978
494373
87114
77103
604599
456855
180006
298490
785354
340917
169373
39338
840583
662792
107530
602195
939815
569242
293150
590398
79722
627993
567851
870063
792006
266681
243413
884550
877829
326676
182537
525424
413542
74271
58848
96979
295712
97393
159483
96240
468817
993398
807779
889403
113448
430524
322879
753765
14577
26286
697158
404339
304242
546680
216787
272149
996689
423140
71525
176342
503866
222048
369210
212172
190666
77483
116287
711679
552113
851978
428910
965222
298544
818813
463453
81447
945900
234011
595017
443059
299980
152439
751852
146328
775422
906825
155482
6448
91247
152240
196690
1910
938379
63953
277151
857068
661491
678340
79024
11948
132132
375477
79473
369804
438958
101536
790486
540078
117301
285965
190673
166919
222700
755580
896870
682233
472228
468495
481633
717519
440955
583154
776610
470380
485513
368865
564214
418809
450328
403894
875112
284529
477254
39296
886620
268644
615951
48992
693200
502403
585870
48928
479329
355434
986192
294065
456057
638100
445730
595157
429852
234392
715286
422114
894770
144929
456801
749528
29618
952123
794915
732123
658314
619820
151525
146629
600649
324426
309796
821210
947905
509999
41555
794975
199176
523112
55118
631534
298135
898689
768017
617405
97972
622286
282804
727315
260401
350154
389004
721702
2963
42850
535480
428939
612837
975978
407229
755138
534260
664825
686871
185988
547218
673850
86434
973860
111924
418195
809568
10473
811481
271640
808396
84503
653726
698455
468777
595560
781472
43147
953016
79481
152011
501705
441164
432402
609518
691783
76133
732658
857046
753105
438266
443099
389723
115282
345482
594995
49360
569040
438325
885477
389699
871831
82979
889212
242239
551679
308409
812810
906702
386083
123391
187152
878423
954491
329964
407402
914437
400666
610176
237216
148421
469856
969751
865891
390371
458925
43510
403791
848101
946645
947837
708014
546300
392839
138629
188831
44038
258180
451941
922591
296923
928010
510731
122773
671586
11326
189007
393390
251563
609433
639080
801787
84498
768226
577976
871441
42271
603634
829150
696910
140083
16759
831545
458253
951506
958754
956147
530212
4301
775957
286905
36095
971310
698207
92108
848175
774686
146773
192288
984850
515015
495806
935390
184691
141671
222924
298750
626892
236714
522782
463795
545520
842007
720103
794692
755580
413041
421372
13034
690934
339637
336158
794777
589802
153146
698120
205153
458205
303332
45893
699153
270613
497885
910509
518839
171781
781859
436177
398245
994780
256717
832042
19919
158068
628768
594051
594280
759647
262569
7012
787986
903136
159748
108809
116432
326015
7032
480793
92105
445255
519379
296991
160294
967997
427156
510811
184201
304349
340347
68582
532443
893028
966003
587953
393824
49009
293426
295632
286374
237177
524132
222030
50093
332511
901444
678537
393952
68465
901800
629439
946766
182230
654061
69187
236930
715976
279149
805749
738268
881247
892630
836875
299912
886099
902125
509080
503065
181033
112612
6153
331529
520738
684204
73784
299586
195577
278050
73372
138955
62076
215436
857758
194229
550282
364276
789992
671352
25060
864645
307716
656470
473096
44908
432591
840095
163618
151023
467887
356958
219425
433949
240802
492910
245628
990432
43792
356689
355604
967432
354003
123944
142430
882471
475839
625391
286801
208330
213344
731223
135269
468755
430545
711080
368255
95844
631509
381608
538498
956044
382494
906932
123508
798002
973966
165849
523690
776763
466391
599162
693132
172800
949077
806248
259338
40892
272302
3710
970269
900496
125791
860857
628986
645602
217938
864511
59881
459953
21341
823382
119765
702902
519235
692524
293549
896451
30658
689982
114629
750603
643981
465968
575689
968781
65964
37037
659362
323213
488680
409519
335093
304638
866304
453456
17125
410708
199114
474862
846725
4143
3272
269004
205799
85500
494559
667795
457370
192731
503491
634192
571797
476277
909074
926820
406547
89232
928962
595474
915815
260564
970428
506812
110739
529480
205326
832307
76272
303709
959150
853729
822780
166214
321118
871152
35678
440006
731769
502306
340068
82510
925410
182480
81091
933612
178701
606837
839338
405724
103982
154555
862963
525127
495152
823493
195893
764729
314631
28273
697122
695043
286482
711750
458106
259779
152533
78969
21559
682005
467651
925094
260388
90581
420810
871259
353489
678455
971477
530654
707805
733343
914871
683813
633008
114835
683628
680499
254131
856528
318690
700120
992373
812634
47112
670846
153285
845558
561814
17403
75381
689473
547457
494837
489462
40877
926850
350454
997009
322086
895122
181602
585117
378742
231194
716784
709451
961176
269724
843058
273943
188255
780631
360264
319118
574722
507914
416010
968656
162964
916868
558198
351388
621430
556978
417494
213144
464629
490867
933919
981335
894170
210920
490427
797141
890642
467600
117039
591019
182765
103128
587539
581170
802283
976803
60096
992883
446631
173533
608314
370962
94803
452161
758564
731748
223217
143920
399990
634740
824462
777201
999192
328053
291515
690457
717192
491456
691860
644438
977590
378792
999000
887495
507972
36658
26566
287377
312298
831740
381757
39290
38553
40799
248452
959027
857544
715571
48833
269402
246796
913663
489781
925437
190073
55981
702520
804141
941886
459709
418730
472111
399721
864961
899919
381770
257783
857847
184497
214651
459757
9616
388097
311859
929309
971322
735608
454863
165690
119245
572036
404602
629841
988621
67874
32974
505
541798
727624
736728
552017
930152
48876
787503
960265
187727
430774
457308
481492
496492
225846
330837
465078
520471
845939
509719
287765
397932
19609
191384
726901
122447
360994
350697
151209
671588
859948
409237
77439
905254
959908
767777
452579
777263
583743
67581
889153
320703
553946
576063
535911
34202
820169
801392
523464
336306
252245
309467
930836
431964
998411
203050
591017
122596
921550
114679
341968
795028
622173
210245
979888
926532
264202
170755
778615
176550
285037
892571
326005
925767
134324
276252
735305
318591
357158
283266
629966
945964
517292
902975
96549
911138
419400
36542
330243
133177
366598
489233
416651
725199
587671
122520
443069
782946
974900
255835
34903
508320
786501
140778
887952
142105
622563
846249
451093
906468
260142
593001
147938
99256
205051
662770
526064
963487
896445
532081
297599
40436
313482
703140
711957
907516
21553
33939
749231
623453
507228
335878
31176
578690
482045
291891
124372
174046
532205
803414
175250
89075
925507
500149
477408
887137
679297
453116
353202
665556
960108
872521
661877
112811
247778
407622
904076
206669
967955
85329
161528
939148
672696
320845
416441
187676
648393
521195
719331
874918
354744
908651
354273
310797
330154
306154
899827
625921
197497
815456
308451
137269
36999
826234
605801
216730
257879
102749
636705
238167
167701
656706
919614
913196
325942
450953
958249
701885
294463
727610
740689
948325
9423
592625
321004
537505
488040
414602
600161
963450
241430
996675
258858
9089
666060
360305
828946
504663
721203
886528
903235
86248
410463
367161
948203
19614
697343
594246
798622
83912
241202
38718
843507
810594
877978
361946
280405
581887
15580
367255
972443
187815
123076
258133
304582
220632
636907
768787
565235
619147
799932
532003
446351
83931
392066
76203
968700
990424
138350
931502
936975
683727
204559
316248
162536
749299
218144
967587
665760
59571
822564
526108
144715
312919
292384
515826
170750
830478
496473
871367
370526
288548
87799
745017
258175
839022
691035
192889
516620
385886
704469
338092
592912
124259
659839
392936
619371
405870
699714
577855
912167
973653
536819
886385
538978
532224
708990
155150
509075
60296
473078
96893
189961
759054
604834
672666
879126
203099
830832
616373
524323
685686
108279
722195
647172
37996
811650
297628
462050
289187
717499
226295
952962
71909
834998
273156
493668
320375
89952
178324
597797
422282
533482
163890
172700
885034
118389
739885
958543
359275
522891
266664
741509
911775
341702
905411
783817
703427
754892
609330
933414
750671
467613
163413
151546
899163
636207
769819
571896
835745
791415
325907
186473
795601
665856
900725
756089
788417
130141
112392
27786
969037
370971
439896
556993
499078
665123
61776
152807
51263
644070
224765
132569
141269
974928
445577
741426
675906
2898
252636
517942
674418
103523
85342
854934
699051
340869
721519
568209
371963
366202
153628
158331
767981
482130
311949
362043
586303
424281
512231
989691
805911
544075
155374
169197
427377
791311
136267
832411
981324
283172
759252
867700
494107
523629
822774
542924
46152
476968
584618
166894
546901
161633
689558
159064
284552
971329
251737
242941
888567
41376
359735
854441
749036
214277
371671
78199
424751
660838
836168
946844
260519
265689
735930
594197
9217
761287
458158
428238
86610
360279
772563
630977
275352
853526
419016
299784
442243
926262
18588
854279
707627
515605
227793
485064
554600
152204
916916
772091
257634
186544
630850
103748
157077
909685
542201
215958
708345
200075
253075
661347
84295
790937
225925
943091
950416
429325
282766
75213
485890
198879
997452
641368
595746
232188
187605
574672
91599
772514
237614
542007
281050
263000
784568
83831
226625
544290
722548
95644
762423
576566
344015
491853
114377
364917
756298
188719
62589
887010
451830
951286
108413
234720
395065
523583
834524
773053
216788
575624
418967
478644
297187
595127
279767
617296
269965
42458
277524
62616
558217
327876
823943
245161
414290
139382
22646
403207
187684
464756
912653
670817
943777
958669
690836
169654
781589
914792
533647
78945
580532
714996
958142
930488
284524
575200
548227
952472
688685
190854
789965
95091
964894
747822
407236
17959
990326
890393
59328
124962
163092
858270
272981
654523
654190
193538
295018
493719
945782
962411
861719
981394
238236
556869
777438
761990
736929
822845
34727
376692
444787
254319
610263
101398
874272
5453
775435
147984
710053
774773
43392
424111
818909
113723
732990
767431
269151
721755
179638
381642
293475
432411
921266
619479
70230
753028
62983
675901
426338
594637
324255
727470
246800
318808
365340
135686
590540
622965
500597
346786
483906
798904
477329
598984
122572
750738
675203
201475
227323
555299
470876
111049
475284
375183
483759
339796
173236
392832
648975
789980
16090
51412
725649
880405
539693
603775
424734
376649
172216
493544
429577
924468
236233
286512
601503
503704
614972
361205
763685
189517
589243
991765
1601
112798
482105
805496
385644
374213
226744
724159
329776
981986
635912
402086
276772
217911
299929
376264
972747
143556
435473
935588
280373
688376
484285
923127
199360
27642
797344
863693
190494
210596
788905
104076
680867
6401
808451
46437
217475
637311
200636
149674
124950
408043
472066
838261
786806
368036
599655
53170
910231
256539
58154
397746
48770
110135
946183
96287
857487
833748
671876
972715
446364
729189
124556
792947
526895
191607
636582
678364
519945
939758
515668
858490
318458
951120
704636
179875
455440
275175
665112
499581
266252
519819
969404
125492
580554
560716
935198
66596
981178
760311
570966
389266
36531
633995
868425
209390
422996
503087
588321
806815
829502
899215
105461
385961
479862
172610
109393
390730
936478
831495
385408
13725
280357
247242
900143
946930
962161
93928
810224
798809
173723
370238
872301
270024
981650
855018
335244
630604
71004
591326
391814
36543
69318
781300
993500
474974
328925
663978
807812
679757
497252
180741
59692
224552
593568
764519
220958
227304
797335
676044
550596
665683
965713
517927
891468
628323
478016
830446
824750
165748
611904
501346
277053
322151
338906
942844
495733
952665
812109
155400
154121
132073
27509
584089
954376
58048
993432
57893
51230
892117
371793
378055
672802
574492
668371
10745
408297
400215
467210
863130
646488
685969
762306
328283
554312
44972
527303
209750
902526
682213
325258
836813
74443
308925
301030
49201
906951
987527
589016
306521
354885
725320
929821
206198
868089
380764
499588
562971
406261
615682
893629
191301
210284
545796
85052
935181
260048
191005
88539
88828
543344
953734
422287
293887
158577
167196
384522
560429
425157
429191
8050
431244
722733
362672
191896
279935
238725
787529
118736
6453
856479
264128
22811
799514
193772
343438
525502
991483
816806
406795
20258
631217
589796
478433
140970
294801
428965
748249
741345
841055
319408
676709
420438
356499
276414
114791
108088
843667
561140
893655
659257
479887
217051
983025
225234
711762
773085
797825
653341
798597
87560
283484
211797
466370
704502
549234
551308
941316
46232
386457
83
120585
998125
228746
676262
146418
240880
749506
972603
890153
113932
630372
430133
859498
730731
596430
966577
73269
738093
660715
540685
89545
969130
320984
7830
662337
851184
185589
109089
945797
60170
682778
465380
560793
755775
121302
931087
383928
274644
15582
83298
398204
195347
607077
413694
847526
341537
484593
904542
72664
343323
467529
832247
775870
204732
346292
315428
609410
741037
410387
300266
298891
235090
615432
802026
932265
340906
137227
69657
818715
468058
321775
616872
351564
142900
31894
863981
469146
826404
660265
783054
219227
74973
265070
246989
542228
797998
185959
866257
9693
536448
581207
773771
778805
79196
985223
277572
892158
105758
337340
25989
841308
105875
288268
674354
64727
218274
206951
844556
827057
210493
523012
388534
532900
573444
434294
738913
310801
197495
12527
90614
233257
661658
770130
936104
416229
458234
679809
4493
664834
476697
65595
726365
641245
729341
261250
843789
462749
870021
781418
600941
391887
215572
434268
757959
82530
407459
475573
570749
862317
126489
938149
144172
190524
647087
440914
696442
440675
140065
514230
802713
75012
175436
960004
413006
474886
339460
442652
64027
396696
942999
430467
219906
783400
385151
551274
947873
158023
196664
574623
389363
116854
108397
561292
123906
437606
453468
943947
176096
606201
543860
473162
820321
788410
833224
754674
999801
20383
999755
657330
557970
965311
236243
831185
22129
848160
174654
885712
307656
563463
457931
618173
257787
348198
55074
590872
74032
633202
638991
757126
980476
111567
551943
835472
56258
726647
719833
720871
531727
15536
719919
795644
808236
924480
576467
26530
473258
708908
709003
393893
192476
495831
60571
268757
168707
643016
39110
958083
169294
839971
575659
101072
367747
313098
551400
857178
743533
884849
394105
427001
29858
217115
431314
728602
627295
1858
920059
278494
833278
438892
551130
109451
361871
580650
599552
307677
695432
643602
822285
378842
867214
405106
736559
765093
592791
585518
172962
60041
684833
732088
315561
491112
976638
902274
564123
472293
778451
936543
249055
611251
916725
18315
177055
690293
109273
257200
25618
300837
806634
170244
332054
324806
153004
238281
700187
291620
59035
280246
944326
587096
385246
567610
839329
318530
99135
266397
975297
461118
163287
391588
146726
597639
480291
557403
752535
697528
89328
972692
938833
558472
169284
468487
314159
975583
637543
870537
552024
238006
557321
342068
98415
755370
113245
69757
671089
428952
371619
708186
685645
190552
188313
944721
220339
405094
60158
901881
703949
405338
63614
884022
109192
143513
729153
216841
940320
272251
172281
208575
89564
313536
941002
703153
614470
699481
784326
777055
67560
933098
976679
868352
244197
634954
2585
406546
15047
629802
562806
623393
864477
675038
899670
316464
342706
341454
103858
328477
255018
221749
899529
16871
980175
437073
713225
966218
14925
763399
746531
246099
27259
817812
525461
888518
479562
21658
859043
900481
282862
358128
495881
805782
361407
479252
441256
340495
546790
210037
537123
123863
245654
472834
661666
47208
161973
621135
43148
436365
634659
136869
659739
835615
176296
977916
684770
170612
885161
625424
738562
179108
329117
123011
563416
189945
433672
425638
952828
643795
178038
448986
937779
457772
174128
478780
387948
169813
498705
825445
916551
768087
586248
208263
502947
492956
107873
871810
269501
873539
757909
354173
5557
552616
349597
199049
688193
873835
724277
307108
545893
813419
798171
326394
384425
622800
672025
742898
315039
783655
117515
408177
261749
234418
358308
308015
329721
62064
913965
404716
585578
873977
543960
434189
517866
227555
17071
297653
501040
141482
298860
393238
847606
936628
953238
121841
26059
868368
886465
398770
243192
574333
73304
513651
509036
894135
422157
364702
237780
662928
927058
971158
650452
838533
805552
515158
697839
78669
370805
659696
758075
723372
19526
923911
912826
108667
71897
712164
653488
420151
969016
397915
446388
26139
659422
321978
552499
996965
357201
318687
509983
492860
58616
769565
772263
293281
822107
820259
696233
590019
738706
876808
22321
7811
293011
859350
204267
702515
15403
979830
893085
760485
745644
675880
439808
954598
921625
767441
30873
363076
799860
800276
144558
198525
4432
728016
461283
879150
893851
178437
246797
864194
311255
83682
840629
971125
782881
69119
908450
756537
879762
304428
733715
895474
774195
124098
671923
176866
684038
39600
933003
318593
685309
578632
167026
666404
31611
81243
268916
674833
560891
338974
437521
661223
371556
475108
637651
448670
905344
353710
492758
190418
394548
30182
523182
134345
636174
733706
142915
718771
47811
872743
223145
671183
369273
815420
242610
339271
843822
25210
325382
284242
42006
882608
636455
111211
202703
187237
687445
45452
848266
268233
586826
253413
645502
327878
522544
424264
870837
122856
727290
550167
38841
326159
77468
156800
705153
388849
24316
279807
848155
704032
932701
533117
502110
518702
88689
288
402445
785433
288666
737695
315241
932228
657864
679485
660943
942557
267107
374557
21589
332185
680622
85543
579711
459699
74734
112677
429824
110779
226851
458919
4563
108267
905513
856441
459679
984965
284405
568181
551636
638720
353067
373731
211229
680165
542229
66883
10070
945440
330788
167523
626267
353344
975477
512083
542404
93700
100061
107952
186555
18573
381035
223064
738864
582927
399069
210029
888201
656303
388886
105901
717890
973462
19217
594546
461439
428958
991015
557378
821695
299343
633090
130882
891706
15728
268059
667425
748146
645892
214131
296395
944724
902087
213897
304491
261367
448005
962246
587034
911730
308603
186953
193696
149894
603518
827054
710162
271371
822226
663516
929886
890581
598247
99405
486540
765551
407547
648091
207404
78163
629747
407389
170108
77842
39618
70098
604018
551108
226297
28833
288506
110048
944738
469257
845369
205890
686706
780045
579663
140325
628708
218285
333399
410026
526477
253362
881116
696648
451585
556689
16607
383738
133439
146238
455360
494822
634018
817011
101626
312616
781175
545964
86368
758796
194384
959825
268213
986418
764207
450814
111070
347806
561676
725418
952902
124539
163585
511243
693937
743787
261373
179377
378231
406825
710194
634823
227817
175666
943843
469864
301701
68117
910234
936325
972624
612328
708210
414223
795486
22228
218853
779434
269559
443898
172636
836073
884760
636760
729797
385979
270928
627225
998357
209921
374077
417843
103708
569163
292093
821646
611427
149362
970892
663875
46395
210616
658086
78054
894920
536539
707533
889485
446309
824102
970100
939958
583827
428289
145168
599817
121426
715582
168671
126454
527396
969992
421831
862118
405897
612506
810708
446350
778676
559754
824957
158356
794331
449881
124523
40769
229295
177324
305636
508686
39821
410061
74290
302287
208875
82238
303236
12212
44031
471813
779909
623634
717197
127756
324020
805232
44327
944081
694646
612682
928299
417052
972403
499323
877590
624537
803962
781435
440497
649743
183567
499579
261432
582486
391468
373001
856420
83031
743129
636612
563831
405638
644167
692008
525061
710975
289963
738244
75640
408498
975478
421153
826474
319737
399485
154787
60302
953052
266457
252523
943443
302238
835393
459663
781418
524071
45847
153967
764055
188644
451267
406092
850272
335449
325029
497899
871267
423358
143257
780225
254143
592765
713366
629440
136751
825294
132181
618836
601114
826254
113051
259521
299617
923059
936880
849413
577984
528683
379077
5923
620413
487318
551553
325617
237836
195781
926202
124038
565038
55872
148529
951960
322095
682306
26591
673067
415463
463899
380320
925592
443059
130748
336442
501063
648830
594913
311639
462975
85215
112365
179330
959515
684229
688425
333088
953615
952680
26592
285337
879015
453032
290641
737059
216753
357015
201528
969860
478525
265331
851624
505965
998692
333347
918822
969082
213679
676659
666025
566449
20453
904222
597159
832236
288682
41371
542686
277298
752156
364903
71325
522667
418500
985570
98499
563236
885777
239955
625173
598268
59189
698750
520635
403443
708924
775092
91994
309569
547602
761658
262830
442999
658515
657270
970847
268251
804041
702843
391215
586191
128273
972147
315878
591822
333532
686852
94698
827171
324163
988342
842658
600737
126260
79881
315215
568525
275671
92252
705347
637370
73851
285709
134256
354081
701499
369906
742456
466037
911832
18875
936580
897622
875920
453337
14257
441841
167685
860767
921036
64717
831675
994493
236752
140112
187211
292916
889928
333947
918537
855274
550087
538865
68969
526519
667324
416481
771338
34394
958664
495699
827431
902493
28588
584230
167432
80377
710870
719091
723371
268472
849948
603529
809017
305336
849938
842181
130046
745300
361581
213085
392359
68728
418966
524912
893464
501531
314725
768672
569619
646051
590385
908765
687934
706393
660945
493985
767132
657457
101028
484673
977243
107992
258605
891509
39929
798074
952880
649082
979397
514554
700951
169714
58285
681174
146309
476831
539079
499340
106875
266943
886766
373915
38710
881190
851420
742576
503084
973028
491340
430221
908027
517110
866182
197659
875687
21860
374925
811978
685148
743492
595803
134278
471599
485400
605349
389496
919138
625889
439035
282705
325312
831639
966181
456345
360785
127117
408132
918899
789569
756748
197716
187318
685212
444342
850887
234427
185282
411486
857868
486411
152076
755571
185021
884275
969632
121544
174346
610726
999880
147891
306759
794298
587996
893358
53012
902443
163334
641049
344513
272409
579535
228908
752665
340319
742659
72523
363820
834782
114039
344158
985011
338991
393738
664685
318324
72163
319819
402515
126834
164520
893048
233670
169683
120747
514326
766719
592019
863107
253823
686295
476714
849861
383880
238868
190155
2672
255484
702088
28024
424169
736887
45964
832334
147618
359249
359117
616535
309489
428481
701667
244786
884789
733809
967461
465313
124777
478345
979764
858778
655715
966554
378
617066
381787
893577
864775
287949
975417
840059
825187
180589
808648
769189
267777
79196
931388
302942
693445
688725
894843
368951
948021
215748
954465
433982
225865
347410
50476
61722
615457
858025
605263
455689
708342
567045
242186
916686
557118
359129
196829
483628
50836
625292
395264
931460
720319
809717
202089
386824
150453
313275
942518
332092
623325
804524
651273
477589
245184
269294
541096
5612
892999
227947
694075
776670
801889
749791
610459
239973
36708
26344
358402
742417
456500
516708
217081
596278
887284
621810
771356
913364
407630
218293
150962
312945
110206
210977
614725
313448
709189
515495
949664
880282
12623
484383
671221
504744
872272
192897
598270
854637
560404
106456
787772
602066
751961
305616
695313
415980
50869
423697
673658
551888
182703
989721
478195
454010
154057
270705
733075
998266
484385
308323
65518
784234
847818
775035
40148
106822
293042
573152
303068
113729
176471
692432
612030
969428
709749
460544
616743
40989
893309
466075
470795
284450
863874
713837
250488
935417
22208
617125
618821
24570
494216
200319
450649
226051
515501
50135
227499
945021
580978
994530
828446
566902
81956
13862
936645
76564
852918
201855
61289
272575
964841
69964
50086
144163
566811
521194
658571
382148
881965
135724
247792
591636
593270
160727
381978
202660
51727
832715
359728
941135
691478
168229
147393
597455
304603
776713
44361
48821
979167
350586
145570
983354
965116
67575
573852
734068
427798
372098
440015
783255
103270
88188
203227
462603
866639
786568
77490
143324
66794
733469
373422
171665
795095
371906
733667
782577
98756
173985
82027
582812
862316
606084
799625
885725
806550
561837
767662
512339
715635
856681
206735
197646
439494
172796
125226
950539
80318
991548
454003
114874
28948
207652
345012
72128
910213
395801
144078
888089
714895
692348
845087
294852
475115
396125
19600
90584
571828
713122
15091
185329
104375
762907
965320
902038
391023
870567
149006
999938
118221
545004
225679
891850
599556
970219
162879
493335
953121
715345
460106
724693
209296
451310
886238
677651
202591
4407
524781
436398
626609
729555
260107
910858
695432
915485
146687
487723
601862
821299
343221
380340
258187
210150
718823
472647
352199
161499
977834
323367
657021
382114
718630
138169
103163
526327
39444
952754
253015
102080
420527
401648
132098
780784
609481
78968
467597
164872
579524
582149
153201
746999
247986
10773
794596
606166
369049
194129
298502
441377
239519
505450
798107
898712
870541
797459
475047
151792
24203
715810
373331
262689
597895
120875
412977
738938
580774
729419
11081
504527
796684
901333
592086
53395
346097
291161
593985
357639
567629
473060
556545
960720
442688
782235
322184
559258
474827
872099
543689
836327
532315
421777
429791
46923
440918
540839
492449
164786
861994
668064
102715
478016
486323
551545
132247
362962
628580
27982
959592
695662
594563
934094
846219
110221
715736
191757
79292
932595
101030
594830
216625
838159
587224
17395
114608
444984
538304
882199
738631
97848
662238
992563
351035
845713
294870
943469
133650
379732
819052
853298
706965
953774
531042
243301
340107
433582
899912
654781
705528
901203
307232
816091
157322
901470
594880
174804
38980
264820
612851
725200
772204
930100
140279
868154
405466
471457
902422
923787
223777
428080
694671
613125
302430
908060
529477
334396
77432
268903
838004
972013
530724
697305
666000
557983
228249
606135
419625
549553
346750
70049
331322
497282
35621
322365
836741
202550
330943
233854
755310
700534
671440
66783
224286
549159
772877
55370
174091
186332
727770
518250
529077
540470
29611
986133
783271
591549
841911
329168
84269
250702
357702
75264
530315
224682
273561
781371
407011
871950
37121
845294
524861
108377
131686
870301
434409
449189
67328
465863
114402
766837
10115
707538
421762
309472
931739
882068
282116
860500
99602
74902
807772
447690
881574
58801
519504
644106
872185
812884
459553
314786
49358
218291
102548
159960
622104
543761
683561
253460
541699
412458
603415
591192
753619
789380
380002
836920
486214
846239
806913
888569
236075
106132
970598
806580
261673
160385
123835
472608
282750
378313
999414
891039
461503
381137
381703
573766
317202
500788
434099
187942
50102
544340
868516
248940
840111
926043
729237
743139
298519
952135
970301
489069
428819
54234
192268
90600
681526
54186
222801
890137
475373
264868
670060
115228
461756
188502
682808
136607
231082
333303
489054
378754
80801
530169
263931
17060
18118
725127
892361
334076
501369
915495
507120
987538
476329
152355
363724
409884
598066
857115
188856
387211
780942
696664
110412
364584
281050
889373
312165
186426
948199
325800
255930
947030
157659
723174
35034
591924
253578
828794
191619
533342
462514
139372
410037
811106
262873
879992
322832
185722
374298
751869
269191
95590
941293
648109
721298
945637
647927
397078
543352
247104
806267
516565
958008
783471
260963
32068
352851
956745
734259
276808
974157
831814
580543
905754
650519
49314
467610
342234
941148
433594
583335
438589
315025
3696
341785
401439
811732
481051
314455
933258
463445
983649
231486
423226
96473
537743
742269
243808
253214
540475
840181
855058
99942
178016
84981
572370
785187
629790
581801
609317
271930
29807
603171
628876
319539
368885
859040
177355
134773
954899
815430
463845
536613
879247
840116
321630
808030
528581
901078
214643
783013
164810
141958
346536
630833
971234
566364
85210
299445
467095
874380
822712
675052
103653
993808
475881
261928
173825
495885
398863
142609
320294
616561
234167
952231
587116
56388
134529
835636
416703
271899
502627
759441
396
797785
272689
927709
922849
199887
796385
481026
338050
966795
67226
948695
917555
567809
133733
331790
453462
659626
242741
529514
560664
983369
41726
402237
983176
44919
493050
971683
663715
203419
613840
605148
763561
708699
571537
35292
309862
327131
527939
851308
275316
356146
108959
825329
398356
345464
701611
771835
465182
610167
50068
718874
109164
513886
672681
398265
631249
397755
97317
327612
827939
515813
344401
632858
727247
613489
267919
468104
744707
308635
929940
806282
335522
981197
674321
561905
314489
237639
496325
830023
166949
226671
788283
643834
397628
450812
426466
500014
631436
107354
31426
118406
579798
748131
851970
206605
675622
348537
569530
416154
536685
486486
4772
565948
104912
967142
434643
809147
963297
125035
531938
832285
624656
529729
278355
967832
603660
241997
273486
804986
478795
701053
130914
207021
546825
257660
396806
55403
375817
853252
395216
873998
774863
530205
995842
910580
221897
306309
374345
386126
766575
527147
221018
480070
673742
105935
106889
104416
371298
863283
307160
666968
305440
572585
411780
835120
592668
776945
461967
810611
45370
175575
494819
818010
988063
728812
215046
945863
811094
47785
608380
586869
856066
490870
635769
248251
810641
324465
471343
312907
352411
94568
56055
683945
950488
370618
918405
930959
601169
780663
232482
846970
28826
705319
667201
554647
576055
640835
65876
613240
414324
95628
878723
567215
777352
111426
453951
378732
88070
275626
827558
271885
60868
850844
701360
551432
404525
500517
451390
962488
843813
132890
440989
724403
1758
605785
608535
12913
974890
61832
604326
526923
805129
593053
82340
371109
153491
669224
511467
20375
16966
962925
475203
897092
854506
62802
884384
94227
53821
132788
111984
846518
243177
653465
279295
16647
875778
155005
881306
566353
912856
604963
429901
673550
931224
785666
161281
837648
461556
556869
386174
682192
247120
683738
906612
423141
384374
894591
624511
766588
91713
631494
903139
129375
764434
808004
132207
984216
817222
872336
810796
2387
820423
734494
860090
346345
804925
7184
804728
815086
72077
497107
721537
617934
474815
131769
549606
783658
72127
613415
739881
879126
692483
558536
157909
553538
103571
963163
167163
459929
905627
50486
783296
44
403574
686272
912261
669421
663132
598029
871243
459627
336808
347213
170959
176896
380222
448955
686062
763135
279204
551677
275874
281699
815760
893368
330584
956692
541810
727464
670439
623445
775587
375868
543875
683548
380789
224301
232366
194592
225245
164400
241992
872592
92300
271946
712852
995859
200957
925173
482474
190453
703453
34815
41242
869409
472311
870116
918844
384863
572639
589477
883054
98816
506205
773649
180673
355868
980604
355013
905962
720206
487389
650778
983210
331827
480597
774168
131418
483909
546347
898659
347307
10023
736275
826515
232186
40665
74547
248864
504309
646127
866888
140369
139527
244677
679780
458121
792136
922378
267710
345021
575076
401617
209768
168725
397189
100195
344970
195680
160331
797296
667817
393632
445722
147186
996411
195881
75681
237295
199787
898126
651518
593987
241393
281044
135088
940626
63005
291993
867733
571290
834881
531397
724292
711143
743532
782935
646568
414233
479537
396737
932982
722012
820674
20457
790557
79068
810146
916373
267697
735596
46820
35285
294019
941302
467463
245594
389679
991082
377651
791444
38769
542336
94516
503391
33078
813178
500018
150843
406597
463199
815718
384236
990554
852680
410909
938134
692990
66627
312524
983472
812498
352271
894583
764450
737606
752242
741945
349811
101146
712174
417546
821993
213663
209121
647427
610176
330863
830064
164560
591934
291413
825160
300016
816456
620775
65852
494904
369951
431696
962064
230790
471858
546553
862745
918983
246438
812289
438489
640464
292144
623070
467056
360632
161891
741567
85826
579441
704814
139827
740345
398115
789379
639104
514069
207579
180935
441479
285974
98204
571858
549719
331677
64827
361175
294187
355549
755575
575698
144018
912698
9597
457089
413826
126907
532660
461671
759088
792114
103786
897374
786141
237343
329987
304203
953410
706409
605320
923598
359970
89812
461393
913046
848875
942122
82703
600499
682247
145100
403105
686808
300765
907382
804088
44052
670129
710503
107863
976175
449405
954810
631065
591376
701603
309006
920249
83893
422609
70258
83144
835979
314725
920810
746136
224682
476450
323848
140973
282715
934540
542662
607499
447909
690356
977525
952912
790895
851516
532837
617349
342922
901375
888655
428932
747696
373338
228778
383030
364223
136323
203742
713776
681686
942664
457802
980381
754334
156081
371397
13540
950139
246619
285475
658397
186211
932988
311635
414084
136662
64804
112587
197809
328666
376387
75511
347993
922867
782274
835863
561351
583295
361588
96640
446381
395602
194837
551921
704944
890644
622998
700767
755644
886198
56704
130757
300376
434550
583377
440459
70615
42719
293084
489444
862341
890259
817904
968896
36555
902772
101447
614281
12429
42148
880302
920263
912286
899716
186795
209402
392824
59393
683133
759151
888903
806021
124984
559528
955723
870392
704497
542502
454249
730713
448786
328829
278244
376951
653425
758888
221156
587921
295366
945171
702450
956723
624779
468516
450983
470586
955529
101610
32622
342693
523557
740692
425150
686230
444663
336552
981320
162233
99999
195820
968905
548772
954996
628916
777367
89365
805715
668559
95711
736973
737626
253810
761377
683655
936413
706239
646858
830495
839692
653499
232844
325708
323015
339241
355474
767207
914347
401880
453983
741180
839110
267854
623437
736338
354485
44678
465674
836358
172339
999971
12986
72299
255770
405534
81208
136395
69015
869470
9849
727714
712831
644911
978314
789709
95675
12586
819010
320936
470023
243402
703947
491446
558567
429143
834346
389379
730005
676955
804541
253997
55904
832588
814412
688972
615779
924377
958400
163771
879021
979419
788142
77199
209881
890907
7951
852165
642337
119145
941685
936210
212228
592864
9714
463563
561909
197335
912775
555527
536998
279703
716027
851379
13313
789600
125088
602254
394079
858871
422503
148388
708991
532748
312642
2796
94214
61554
63593
788826
298817
862712
625421
374671
698413
96023
360404
712395
8966
84629
750547
458741
704720
628774
937235
972616
237436
73993
151940
742377
471623
492276
103726
619292
827580
151984
715586
810076
910831
755101
787843
143603
501368
546905
863805
893135
738334
682713
35907
260469
667821
682296
531871
73040
166491
231242
803083
799707
148764
681659
216101
661071
604141
512059
100517
475332
464394
15012
189573
231674
950907
592700
547867
330170
360729
786986
577888
898858
210319
239689
826395
207725
650474
310011
495532
651554
583987
766186
273558
43423
810614
769116
530530
397127
583809
400825
620448
341639
740268
645578
647169
997428
750939
996350
281272
878361
344852
27029
264718
362432
646039
228048
265972
198144
638221
696532
975820
648088
534891
171231
446475
254085
185552
803829
136098
809294
475861
512424
314732
805333
14309
613052
164836
548783
382474
27884
348127
54199
731102
147326
714482
347985
351350
669485
395421
706659
309847
184746
675310
924005
837771
413315
208027
530107
346759
577502
545643
576755
693413
323869
804037
584674
401954
234100
507366
881698
506264
629172
254347
619319
942743
643759
831267
451106
227543
190016
758988
83051
218088
724027
642745
189594
777611
756798
676679
141353
936693
940464
429751
506741
416540
855577
749387
207333
853853
357570
301347
331443
200877
152956
552096
715000
899690
203143
17012
709782
917846
563036
908956
382478
282848
386831
863265
15882
429284
502357
412567
910512
937876
571118
866827
782370
341083
151956
265020
620247
650692
97588
982317
470230
414096
202986
518820
517774
291133
2602
994194
431886
213066
643794
714745
292773
918725
443109
538942
878051
754766
817400
978828
389290
519083
712118
16782
572470
351167
187021
493157
521836
735778
965700
98469
121196
284844
798907
627701
391876
558479
432556
338065
775557
721734
507586
502174
532323
773612
587810
502753
820240
907337
559502
728666
319715
874732
930285
641626
938485
381605
677780
378268
214231
318078
875914
898257
330017
934554
399557
212923
863577
288992
515840
48969
211826
213859
541283
467402
722264
613276
118779
56232
387859
102053
299204
302750
388060
997343
36273
661656
405967
446450
607646
50866
458116
173768
817191
962607
906054
304609
56977
82402
53118
179673
147175
893993
911458
344325
729432
881392
574893
908022
492903
856983
801831
656261
953503
416146
859717
226184
356480
437909
372342
380569
344016
902895
84760
558459
171059
408656
11956
552896
200736
315856
534676
966385
42909
336143
132825
385503
127611
448309
749665
722777
978125
620208
238554
471843
527619
611907
269437
910538
756079
63058
762310
554655
197386
747263
317679
870021
335918
741288
603754
914994
581694
93528
745384
783441
891398
428057
433261
506619
454825
863521
941515
562379
505135
730881
90992
733534
696902
135113
140755
47246
708432
684259
659288
554788
838396
253492
770135
493291
8682
897192
550565
6198
742670
307827
271797
526974
113248
754115
891687
475710
458965
330197
926292
905242
127770
292099
645180
327479
821500
829691
945084
898092
432357
240510
917163
174887
497964
707502
187923
736946
227194
62612
935558
282451
998169
248693
398112
672826
146411
412980
756127
94706
324815
289925
504949
172873
642965
601834
497599
924957
27909
655589
281179
70733
848138
767701
586553
124684
382796
299295
468116
812929
551138
539864
462762
354273
191195
694721
759093
718830
773340
742941
324314
940680
982106
848938
928377
385776
190156
763198
496203
213231
914269
19266
449204
441555
767400
277609
399897
118434
956416
616245
591164
898826
566979
199644
981641
76746
786258
662723
745316
40592
149962
109704
872874
104352
895027
907255
598135
316196
75840
309168
973658
94663
677416
220460
276150
35135
850398
944611
59166
674859
304947
394009
986648
392944
990923
688095
142617
180373
696075
694819
730821
541638
834586
430320
30985
170317
877796
227670
194640
134558
897463
315119
312880
542777
986558
139092
951982
513366
910579
321257
130676
250654
831969
570848
531102
696108
128097
103495
934628
858281
239663
930299
288782
774477
130095
498777
685050
412509
306383
949013
659698
808545
456229
317888
23863
779936
951040
621628
249549
725577
562496
838576
592826
260275
230118
676416
785967
338354
720466
368957
690156
955989
464470
773966
568535
157154
269397
438116
12453
342817
226621
85027
74702
350812
591069
210644
785761
763233
183838
112167
891041
959959
826851
929050
786984
594146
953483
616077
143888
365594
521285
710206
113416
442707
872591
180734
125142
718435
600372
639525
936566
999596
896107
232450
427613
400790
928896
680730
985152
755309
981609
751507
564758
298746
569512
935749
504871
632237
990806
377190
572269
741761
838047
875059
489343
338961
44017
941060
27099
560058
342842
517307
934073
367202
313884
784958
650780
41361
414378
284635
840360
806800
816099
747374
907442
410372
298299
795045
941102
747432
52056
439346
288337
648118
470781
975882
655722
592054
290280
373983
887890
298112
916683
571556
528893
719604
514913
988197
136071
725872
865182
165005
511054
646703
27270
657036
504916
877453
100946
47702
415464
961849
206264
73938
651818
405273
667542
609412
926159
759337
150213
777684
168446
327011
161838
902162
802155
114162
354092
142585
482842
668251
212344
912358
180513
948690
138842
956634
778739
923220
936032
946040
186439
452964
259139
617688
889987
898888
736882
934484
696768
228499
445065
359003
816119
349900
70201
895493
745577
692804
868761
851691
800465
118314
497365
857592
501998
378600
810879
218075
589528
11496
483197
570558
399084
311244
22332
629887
374853
975740
286357
445232
19770
807467
23476
473499
879786
66440
582021
518812
833271
779323
115203
280076
112608
523207
56330
248580
457656
270798
657723
100568
904803
614154
707163
242379
918141
72447
258918
509918
667889
566520
652331
879913
805378
101751
392406
898972
331862
414635
73174
533041
34253
941392
552972
168390
914742
158166
173831
623374
628062
927446
619272
634007
212226
252122
608173
895938
5962
484980
858390
307295
459938
95979
157496
642108
252673
647958
337369
899713
480328
952309
285131
546599
71800
612014
853995
423058
289144
548696
113296
45623
851054
366154
986914
742865
506226
607475
576218
471648
214822
319642
914236
636149
928008
485140
752263
385010
33960
779136
690575
962489
784989
949754
526605
352328
743095
623349
515329
9132
227779
239126
991906
436112
940045
615224
478168
709549
306814
436765
989864
678608
49541
962837
946231
856405
495403
472492
409174
898604
347014
941268
734532
286587
368062
219082
967037
88726
52765
337283
748380
424651
489828
969025
908775
205361
690833
130798
392854
162413
640059
135783
288941
320193
486814
335691
698206
801639
470367
263818
752004
939006
320942
765464
401800
60086
904155
557459
922719
609573
237869
459062
263120
596695
726813
653407
274335
55184
297118
703819
539571
163244
824518
251479
42681
825789
790919
873448
736594
358461
826767
240328
439681
935556
560397
627393
528190
151755
537712
779144
867469
443690
261492
504247
983293
200093
59163
131114
800725
464533
588742
114557
700611
485134
839878
804297
472712
478143
592528
613730
841991
480078
71792
962987
777594
687096
53072
360122
158702
88707
390714
911624
395167
89242
51247
607868
67105
605319
501501
303802
319237
132594
303140
302091
324448
106236
376740
962073
473518
756424
776101
833919
16663
368870
290309
231240
874568
841
248380
955303
743882
972993
143423
610950
163359
995640
523618
153935
545189
728209
826634
532843
615631
564599
544959
891866
792638
621076
125196
170759
212357
646518
964396
308769
563598
491293
747995
793068
161821
668143
787790
705646
155718
176061
645059
931945
731508
566706
555960
490967
346540
805312
929844
339266
53028
60137
505699
601011
983345
653157
15532
168797
454042
631833
473374
327427
559545
459154
354503
689341
841268
846466
914137
112573
137375
4408
682571
791736
907790
117041
593317
974296
947165
770007
878932
529810
198515
985370
77635
793288
246340
581277
579632
10392
890014
800202
700718
799365
517103
972121
485798
345060
423230
583248
34279
118861
274605
209519
62299
593725
8089
704499
493309
14078
520950
906956
284712
922597
467096
870075
556883
612284
675582
401417
931267
861129
563282
269568
155931
927601
698087
834618
162199
974964
882573
928501
747216
806187
101806
173720
392498
692268
101862
970973
589655
204707
907034
542401
191121
123550
508108
619445
745386
138727
856569
680066
981255
900480
251637
311848
648539
324479
729025
511901
100157
153741
322632
360365
871390
446268
7511
639568
174152
281545
622237
555224
136042
875600
643608
552568
816659
942883
49484
753917
860892
811358
549800
864616
196314
438189
683377
762039
85870
910879
415123
995530
198779
800963
892307
635435
617129
861510
263519
139478
174926
658380
934312
96990
32554
817417
716739
817480
14095
772993
427088
473580
272924
665847
138538
295448
717199
559436
586892
519428
15619
431225
481405
33112
390450
750404
418370
711219
333750
992626
968464
209793
401002
591563
605154
36951
835367
158928
906168
768791
404870
685072
26931
643476
727640
540112
648534
629088
850544
422277
60563
962654
634003
278201
636846
216870
817535
123902
682052
746412
360211
928788
228691
609396
228536
343964
972423
46509
324523
943915
227312
463306
886418
141662
238755
61463
519253
876438
8202
693236
178552
574933
534090
113567
52990
253138
219003
804943
767036
874951
145680
200437
49909
208433
624061
301525
560194
549181
925023
201312
58135
509162
525644
697152
322472
694482
46798
33273
498963
792136
742840
835625
170067
654966
8601
769858
6063
563715
59752
781731
896567
136255
823896
186561
939931
364166
149408
671617
632134
438393
724589
795037
4480
557295
449382
700422
618836
958223
718034
377789
433187
379777
284661
456741
89629
341503
364219
992765
895216
838304
678517
301146
842680
455226
710577
801124
5347
594061
132312
996039
280045
153746
205853
823640
402323
667696
357914
686031
77239
259937
375848
710451
306827
530234
92615
402585
284190
644753
983082
397588
693394
484566
394096
808844
669113
416674
345350
568307
671922
250688
636695
952665
255117
403998
227252
680858
495914
91202
915483
90085
570500
445020
271830
445141
46307
668307
146223
740279
65736
5687
92174
158895
838212
579696
415360
511974
617704
285024
634304
391378
972681
489894
175158
378947
145509
439032
709307
841056
311344
475611
559608
470885
161347
792969
336602
185754
479216
930137
622272
912548
982008
724881
274860
693362
416821
842146
158070
413089
92836
978756
208829
683982
773801
102995
140095
386594
368478
646431
501741
466664
126656
744793
287796
626481
532488
943172
749590
258186
288390
175752
766435
757492
500720
206454
596308
941326
952433
90951
540375
36023
230199
616227
780915
871666
710832
268718
549696
98461
77828
477531
579881
684176
975294
250186
897292
166120
900150
814185
483398
269719
900258
314519
187308
95065
840920
43165
665549
888735
518268
212527
585515
301080
512539
981062
446185
307805
300213
515517
550230
794643
653194
955561
559515
535396
880888
514031
331784
883546
250234
32245
202467
371380
289870
151096
679971
657313
235002
696384
767365
965435
180470
234015
96718
176227
161778
309067
31069
848089
540903
704739
43899
662553
839489
713501
298797
388090
427077
154884
91211
344513
717261
562609
493595
580710
758518
204004
708824
442149
583874
722309
809661
130762
85171
803738
265021
311770
883719
871500
619060
152429
239531
428717
686100
92588
659101
385032
513909
489732
471326
339013
503516
621365
220587
413330
244666
699998
668943
263964
170091
943875
79609
892963
129530
441311
751453
151336
601887
784087
484684
17606
500011
619961
236987
741138
976321
395496
264943
242142
510497
619496
648581
441333
341561
770977
391451
978725
308758
305039
408239
569393
564125
241873
346696
114438
235376
310025
507536
566681
909723
684036
507672
441405
220800
305417
930754
880704
815975
325117
665827
375390
993254
780950
126810
989411
827108
737339
729698
147888
288451
297027
657198
893066
678493
266135
738095
445496
725746
221102
192122
976332
54303
76370
197345
465764
972263
711082
388732
750681
670851
22438
912192
648759
774640
185501
145788
536497
842797
190459
688074
684572
83004
446767
424644
489770
879639
312002
598793
553733
630429
435739
843893
35447
6452
495787
800257
784450
912750
278272
446227
729474
906357
828063
162405
609068
348044
800130
487019
241241
244677
548875
996378
841304
509523
414094
692196
496887
594690
511515
750920
154403
873549
815266
668841
114409
576582
521195
12143
1000000
