293
345 370 4
81 231 181
208 226 285
68 306 305
170 173 333
222 278 95
104 173 317
101 305 50
342 347 223
8 135 289
246 338 354
71 307 202
23 309 286
361 376 29
324 371 75
285 286 223
80 109 120
265 382 139
95 98 168
257 363 18
90 297 274
34 305 320
226 298 384
314 323 39
134 264 74
379 385 129
195 237 349
250 311 292
324 359 301
317 376 229
51 301 154
294 312 151
182 206 93
376 379 311
112 231 236
187 299 289
140 239 350
41 296 265
236 265 338
61 253 187
385 393 25
327 335 285
285 376 334
225 324 186
105 327 221
341 348 134
205 339 180
301 388 214
45 359 188
155 356 42
10 312 282
241 259 23
33 231 60
131 241 251
338 385 18
118 214 358
62 196 204
220 252 164
206 307 171
28 389 368
8 91 213
207 341 42
33 257 25
311 337 298
37 183 342
26 260 263
323 365 224
11 117 254
391 392 367
366 392 88
118 142 1
374 385 164
247 347 228
164 257 358
259 360 125
344 381 61
197 257 126
260 303 8
86 200 91
282 342 181
247 346 240
44 267 165
44 218 283
156 334 259
305 355 99
208 223 106
106 372 226
376 377 312
376 382 258
186 287 378
284 311 190
380 392 120
308 345 69
132 229 303
361 374 136
56 358 257
157 352 209
29 111 347
339 382 257
389 391 131
294 365 247
80 149 82
54 155 130
379 393 339
385 386 85
310 373 348
90 217 70
392 393 18
45 313 122
271 296 123
268 328 231
227 305 188
306 377 384
199 311 290
155 330 232
391 392 127
212 255 19
257 268 159
93 337 194
41 366 155
239 370 334
3 114 339
181 300 285
85 209 359
384 386 84
238 379 199
183 383 316
177 379 301
57 324 372
305 344 377
252 282 110
390 393 353
319 321 27
323 386 168
27 181 348
364 383 241
325 344 380
152 333 28
194 236 178
219 369 242
300 324 139
243 321 17
167 169 57
66 84 74
154 260 266
23 271 286
319 332 184
349 376 292
334 367 291
287 299 316
260 264 373
291 325 187
58 109 34
230 254 257
147 282 107
72 106 379
111 309 292
321 327 340
339 378 146
194 218 281
118 300 54
280 322 146
242 252 152
239 341 30
142 386 321
13 387 60
154 290 58
342 364 373
346 362 231
198 269 102
281 316 226
330 370 300
249 386 281
228 327 235
112 319 158
110 331 195
6 353 334
378 386 324
301 334 371
236 255 116
208 381 223
202 317 392
143 264 77
103 286 263
49 270 362
197 224 184
134 182 256
327 365 122
316 333 223
183 248 74
90 251 171
92 379 329
228 241 12
374 378 337
131 390 144
322 360 146
63 164 22
198 364 392
137 265 300
301 322 86
5 116 261
1 324 224
12 36 33
168 169 143
301 379 141
216 256 104
140 205 359
350 357 319
336 385 160
32 228 291
156 391 261
299 337 147
146 173 240
232 351 367
327 393 21
113 284 195
268 348 74
20 180 69
301 337 68
129 342 93
300 365 212
62 375 337
54 150 286
128 343 102
201 327 384
233 270 189
87 93 255
66 251 335
112 213 49
351 355 305
199 336 272
332 345 260
200 345 17
322 336 186
128 222 41
20 367 358
29 317 22
243 281 6
231 247 226
54 83 328
118 130 326
230 372 337
240 300 125
270 384 18
62 127 26
116 342 293
279 344 313
261 343 286
357 358 122
351 376 225
358 364 376
115 237 273
17 311 27
317 374 304
313 319 79
38 263 344
11 356 306
244 374 128
228 297 97
312 328 356
262 302 371
366 379 275
45 49 350
195 310 84
363 370 370
249 292 140
106 133 201
328 336 302
318 367 153
124 303 338
390 392 165
41 143 15
169 171 160
48 328 220
287 293 336
255 306 184
89 293 203
378 393 22
218 341 124
310 348 10
33 289 89
355 393 260
380 389 389
134 160 380
73 316 47
322 334 33
253 301 115
341 374 224
298 328 132
300 317 163
73 195 21
343 392 60
103 357 243
125
217
126
300
219
38
142
198
321
45
245
238
44
102
31
317
187
128
94
69
171
78
185
2
257
29
299
329
191
390
21
211
254
118
52
30
79
174
24
80
207
203
163
112
52
4
338
305
23
120
263
171
191
346
170
172
79
365
216
232
202
318
240
326
375
278
94
238
54
23
274
319
140
75
10
10
193
393
258
75
227
223
164
132
195
379
98
239
330
196
203
114
76
276
188
289
303
347
325
119
173
275
287
99
39
351
170
1
13
93
295
156
268
220
148
128
326
239
115
331
16
99
165
195
334
139