1500 1500
393 1000 999
-613 1000 999
241 1000 999
-977 1000 999
480 1000 999
-426 1000 999
-53 1000 999
-261 1000 999
-809 1000 999
-706 1000 999
121 1000 999
99 1000 999
42 1000 999
-441 1000 999
-658 1000 999
497 1000 999
-294 1000 999
-454 1000 999
-388 1000 999
337 1000 999
-285 1000 999
-104 1000 999
364 1000 999
-873 1000 999
4 1000 999
-599 1000 999
114 1000 999
-371 1000 999
-624 1000 999
-274 1000 999
459 1000 999
-290 1000 999
-238 1000 999
-155 1000 999
-951 1000 999
202 1000 999
-14 1000 999
94 1000 999
-991 1000 999
-987 1000 999
112 1000 999
-42 1000 999
-213 1000 999
425 1000 999
-143 1000 999
-993 1000 999
-15 1000 999
283 1000 999
189 1000 999
-868 1000 999
-412 1000 999
-175 1000 999
-116 1000 999
387 1000 999
-264 1000 999
-883 1000 999
-232 1000 999
-130 1000 999
-816 1000 999
-636 1000 999
-770 1000 999
-486 1000 999
-422 1000 999
-696 1000 999
-855 1000 999
-763 1000 999
-292 1000 999
71 1000 999
231 1000 999
226 1000 999
420 1000 999
-282 1000 999
-176 1000 999
363 1000 999
-212 1000 999
376 1000 999
-258 1000 999
-68 1000 999
-766 1000 999
-183 1000 999
-21 1000 999
-452 1000 999
-735 1000 999
-738 1000 999
-756 1000 999
-906 1000 999
-329 1000 999
-391 1000 999
-71 1000 999
-169 1000 999
-204 1000 999
-206 1000 999
499 1000 999
175 1000 999
350 1000 999
-69 1000 999
-524 1000 999
-714 1000 999
195 1000 999
-973 1000 999
-478 1000 999
148 1000 999
-234 1000 999
-433 1000 999
-255 1000 999
-59 1000 999
-954 1000 999
-84 1000 999
-44 1000 999
-54 1000 999
-902 1000 999
-531 1000 999
-703 1000 999
-225 1000 999
-48 1000 999
367 1000 999
370 1000 999
212 1000 999
-900 1000 999
-397 1000 999
-830 1000 999
51 1000 999
342 1000 999
-31 1000 999
-682 1000 999
-694 1000 999
117 1000 999
-78 1000 999
-841 1000 999
399 1000 999
473 1000 999
-62 1000 999
-202 1000 999
-787 1000 999
438 1000 999
-550 1000 999
-528 1000 999
-710 1000 999
-275 1000 999
242 1000 999
-779 1000 999
-468 1000 999
-87 1000 999
397 1000 999
-884 1000 999
472 1000 999
-594 1000 999
151 1000 999
217 1000 999
-220 1000 999
200 1000 999
-587 1000 999
-167 1000 999
-861 1000 999
-37 1000 999
-995 1000 999
-677 1000 999
165 1000 999
145 1000 999
-508 1000 999
-199 1000 999
102 1000 999
-659 1000 999
-806 1000 999
-667 1000 999
-310 1000 999
-366 1000 999
290 1000 999
-782 1000 999
-318 1000 999
-713 1000 999
208 1000 999
-16 1000 999
256 1000 999
-373 1000 999
-821 1000 999
-914 1000 999
-97 1000 999
-780 1000 999
-185 1000 999
-561 1000 999
-311 1000 999
190 1000 999
106 1000 999
-705 1000 999
63 1000 999
421 1000 999
169 1000 999
-96 1000 999
324 1000 999
-920 1000 999
-47 1000 999
-270 1000 999
-743 1000 999
-424 1000 999
433 1000 999
-381 1000 999
-827 1000 999
197 1000 999
-615 1000 999
-320 1000 999
-4 1000 999
-545 1000 999
-95 1000 999
168 1000 999
449 1000 999
-976 1000 999
35 1000 999
-76 1000 999
418 1000 999
-649 1000 999
-892 1000 999
-881 1000 999
-628 1000 999
-769 1000 999
-494 1000 999
-99 1000 999
340 1000 999
288 1000 999
276 1000 999
-134 1000 999
-242 1000 999
201 1000 999
218 1000 999
-549 1000 999
479 1000 999
118 1000 999
-719 1000 999
262 1000 999
-161 1000 999
-556 1000 999
-122 1000 999
-981 1000 999
32 1000 999
-717 1000 999
285 1000 999
-934 1000 999
75 1000 999
-559 1000 999
-168 1000 999
-542 1000 999
-1000 1000 999
-284 1000 999
-163 1000 999
-791 1000 999
-922 1000 999
-8 1000 999
-984 1000 999
-610 1000 999
-208 1000 999
-448 1000 999
-945 1000 999
-19 1000 999
-210 1000 999
410 1000 999
-773 1000 999
315 1000 999
87 1000 999
330 1000 999
-590 1000 999
372 1000 999
-316 1000 999
-548 1000 999
157 1000 999
-365 1000 999
-928 1000 999
-588 1000 999
160 1000 999
-810 1000 999
-516 1000 999
2 1000 999
-65 1000 999
-864 1000 999
435 1000 999
-123 1000 999
-843 1000 999
-919 1000 999
70 1000 999
-9 1000 999
292 1000 999
-157 1000 999
413 1000 999
-851 1000 999
89 1000 999
377 1000 999
-941 1000 999
-583 1000 999
416 1000 999
-988 1000 999
-749 1000 999
240 1000 999
-982 1000 999
368 1000 999
-971 1000 999
-357 1000 999
498 1000 999
-389 1000 999
-946 1000 999
-375 1000 999
-343 1000 999
-645 1000 999
-339 1000 999
166 1000 999
131 1000 999
450 1000 999
-923 1000 999
-481 1000 999
176 1000 999
-227 1000 999
-181 1000 999
-492 1000 999
-106 1000 999
379 1000 999
115 1000 999
210 1000 999
258 1000 999
-765 1000 999
-328 1000 999
-846 1000 999
-747 1000 999
-1 1000 999
215 1000 999
-378 1000 999
-306 1000 999
-385 1000 999
-621 1000 999
-203 1000 999
-147 1000 999
-60 1000 999
-744 1000 999
98 1000 999
72 1000 999
-165 1000 999
-33 1000 999
-999 1000 999
-903 1000 999
-573 1000 999
326 1000 999
-363 1000 999
-43 1000 999
-355 1000 999
-254 1000 999
-709 1000 999
325 1000 999
-716 1000 999
205 1000 999
-579 1000 999
493 1000 999
-496 1000 999
-399 1000 999
-126 1000 999
-376 1000 999
161 1000 999
-2 1000 999
88 1000 999
62 1000 999
-146 1000 999
-28 1000 999
-111 1000 999
-435 1000 999
-466 1000 999
-337 1000 999
-776 1000 999
-768 1000 999
316 1000 999
-240 1000 999
-967 1000 999
-195 1000 999
-447 1000 999
-297 1000 999
332 1000 999
385 1000 999
257 1000 999
304 1000 999
-358 1000 999
-606 1000 999
-200 1000 999
82 1000 999
194 1000 999
185 1000 999
-156 1000 999
-260 1000 999
338 1000 999
-501 1000 999
92 1000 999
468 1000 999
-26 1000 999
83 1000 999
-607 1000 999
-300 1000 999
-788 1000 999
-58 1000 999
-160 1000 999
-712 1000 999
-972 1000 999
108 1000 999
-808 1000 999
-522 1000 999
-947 1000 999
-393 1000 999
230 1000 999
-739 1000 999
-276 1000 999
-690 1000 999
-377 1000 999
-312 1000 999
319 1000 999
-421 1000 999
65 1000 999
339 1000 999
-224 1000 999
-515 1000 999
221 1000 999
436 1000 999
156 1000 999
-20 1000 999
-394 1000 999
13 1000 999
-205 1000 999
-239 1000 999
-953 1000 999
139 1000 999
-25 1000 999
-897 1000 999
-795 1000 999
-968 1000 999
-192 1000 999
-416 1000 999
-653 1000 999
-620 1000 999
77 1000 999
-815 1000 999
100 1000 999
-560 1000 999
-731 1000 999
155 1000 999
-970 1000 999
-27 1000 999
-845 1000 999
470 1000 999
463 1000 999
74 1000 999
-517 1000 999
-684 1000 999
-681 1000 999
-387 1000 999
296 1000 999
-661 1000 999
232 1000 999
154 1000 999
457 1000 999
126 1000 999
318 1000 999
-474 1000 999
-803 1000 999
394 1000 999
-115 1000 999
348 1000 999
329 1000 999
284 1000 999
-121 1000 999
466 1000 999
191 1000 999
-685 1000 999
-480 1000 999
37 1000 999
123 1000 999
-386 1000 999
181 1000 999
28 1000 999
-103 1000 999
478 1000 999
-537 1000 999
16 1000 999
-321 1000 999
-36 1000 999
-835 1000 999
-895 1000 999
-755 1000 999
361 1000 999
-979 1000 999
-497 1000 999
400 1000 999
341 1000 999
-778 1000 999
107 1000 999
228 1000 999
-872 1000 999
49 1000 999
-142 1000 999
-201 1000 999
269 1000 999
488 1000 999
-170 1000 999
-760 1000 999
-317 1000 999
-844 1000 999
-345 1000 999
50 1000 999
209 1000 999
-932 1000 999
496 1000 999
235 1000 999
-323 1000 999
-665 1000 999
-283 1000 999
52 1000 999
-390 1000 999
465 1000 999
219 1000 999
395 1000 999
-413 1000 999
-307 1000 999
-875 1000 999
207 1000 999
-72 1000 999
-721 1000 999
68 1000 999
-100 1000 999
328 1000 999
-898 1000 999
-278 1000 999
-540 1000 999
31 1000 999
280 1000 999
-740 1000 999
124 1000 999
80 1000 999
-564 1000 999
419 1000 999
-635 1000 999
-901 1000 999
371 1000 999
-617 1000 999
-938 1000 999
-619 1000 999
-229 1000 999
229 1000 999
-783 1000 999
475 1000 999
-177 1000 999
-353 1000 999
491 1000 999
173 1000 999
-889 1000 999
-959 1000 999
-281 1000 999
-3 1000 999
314 1000 999
-85 1000 999
424 1000 999
-913 1000 999
-80 1000 999
-502 1000 999
-398 1000 999
-789 1000 999
327 1000 999
61 1000 999
-736 1000 999
-423 1000 999
233 1000 999
-614 1000 999
-812 1000 999
423 1000 999
-38 1000 999
-629 1000 999
-616 1000 999
415 1000 999
-105 1000 999
-733 1000 999
-680 1000 999
140 1000 999
335 1000 999
-978 1000 999
238 1000 999
204 1000 999
-419 1000 999
-273 1000 999
-92 1000 999
-456 1000 999
375 1000 999
-724 1000 999
-804 1000 999
307 1000 999
-383 1000 999
-840 1000 999
-184 1000 999
-618 1000 999
-723 1000 999
-641 1000 999
351 1000 999
-277 1000 999
-935 1000 999
-13 1000 999
427 1000 999
409 1000 999
-32 1000 999
-437 1000 999
-656 1000 999
-648 1000 999
483 1000 999
-543 1000 999
353 1000 999
243 1000 999
-498 1000 999
187 1000 999
-650 1000 999
-894 1000 999
357 1000 999
-335 1000 999
-89 1000 999
-327 1000 999
-196 1000 999
-198 1000 999
334 1000 999
-848 1000 999
-257 1000 999
-952 1000 999
-5 1000 999
440 1000 999
485 1000 999
-980 1000 999
-762 1000 999
-700 1000 999
-850 1000 999
-751 1000 999
-698 1000 999
-303 1000 999
305 1000 999
-718 1000 999
-546 1000 999
-854 1000 999
-562 1000 999
34 1000 999
53 1000 999
-218 1000 999
-833 1000 999
-814 1000 999
-29 1000 999
261 1000 999
-149 1000 999
-187 1000 999
-344 1000 999
-153 1000 999
-91 1000 999
-566 1000 999
-280 1000 999
477 1000 999
452 1000 999
-247 1000 999
-444 1000 999
-440 1000 999
7 1000 999
-510 1000 999
-584 1000 999
-683 1000 999
-189 1000 999
130 1000 999
-477 1000 999
-384 1000 999
-688 1000 999
-800 1000 999
-602 1000 999
-525 1000 999
-595 1000 999
27 1000 999
-23 1000 999
-237 1000 999
320 1000 999
-188 1000 999
-671 1000 999
-631 1000 999
289 1000 999
-500 1000 999
301 1000 999
446 1000 999
186 1000 999
-449 1000 999
291 1000 999
386 1000 999
-644 1000 999
-633 1000 999
-853 1000 999
-35 1000 999
24 1000 999
-30 1000 999
199 1000 999
-415 1000 999
-461 1000 999
-489 1000 999
373 1000 999
-691 1000 999
343 1000 999
-689 1000 999
-233 1000 999
-289 1000 999
-148 1000 999
-936 1000 999
-910 1000 999
-960 1000 999
178 1000 999
-969 1000 999
271 1000 999
-319 1000 999
-660 1000 999
-805 1000 999
-248 1000 999
-141 1000 999
-592 1000 999
-367 1000 999
-802 1000 999
-228 1000 999
-374 1000 999
306 1000 999
-891 1000 999
-409 1000 999
-915 1000 999
-720 1000 999
38 1000 999
159 1000 999
-572 1000 999
-109 1000 999
-715 1000 999
322 1000 999
138 1000 999
-379 1000 999
-746 1000 999
451 1000 999
-226 1000 999
239 1000 999
-302 1000 999
120 1000 999
-10 1000 999
469 1000 999
-663 1000 999
203 1000 999
-604 1000 999
-286 1000 999
-159 1000 999
439 1000 999
-860 1000 999
-406 1000 999
-541 1000 999
78 1000 999
-811 1000 999
-34 1000 999
162 1000 999
-730 1000 999
-888 1000 999
196 1000 999
303 1000 999
-66 1000 999
-792 1000 999
-794 1000 999
-878 1000 999
-774 1000 999
36 1000 999
454 1000 999
-348 1000 999
398 1000 999
458 1000 999
-401 1000 999
-332 1000 999
-246 1000 999
408 1000 999
25 1000 999
-267 1000 999
384 1000 999
101 1000 999
-544 1000 999
-673 1000 999
3 1000 999
-847 1000 999
345 1000 999
-974 1000 999
-197 1000 999
172 1000 999
55 1000 999
-582 1000 999
-313 1000 999
-410 1000 999
-859 1000 999
-263 1000 999
113 1000 999
15 1000 999
-215 1000 999
255 1000 999
494 1000 999
-909 1000 999
-360 1000 999
21 1000 999
-333 1000 999
-405 1000 999
-430 1000 999
-403 1000 999
-575 1000 999
-119 1000 999
59 1000 999
445 1000 999
-786 1000 999
474 1000 999
-570 1000 999
-131 1000 999
274 1000 999
-558 1000 999
-958 1000 999
-395 1000 999
-488 1000 999
22 1000 999
45 1000 999
-908 1000 999
-75 1000 999
-174 1000 999
248 1000 999
460 1000 999
-829 1000 999
417 1000 999
-268 1000 999
216 1000 999
-369 1000 999
127 1000 999
29 1000 999
-417 1000 999
-120 1000 999
-627 1000 999
214 1000 999
-634 1000 999
-392 1000 999
-893 1000 999
-244 1000 999
-49 1000 999
8 1000 999
81 1000 999
369 1000 999
-707 1000 999
-867 1000 999
-110 1000 999
-272 1000 999
-507 1000 999
93 1000 999
-209 1000 999
-904 1000 999
-538 1000 999
-70 1000 999
220 1000 999
-288 1000 999
-852 1000 999
-479 1000 999
-632 1000 999
111 1000 999
346 1000 999
-825 1000 999
-961 1000 999
-521 1000 999
-591 1000 999
-351 1000 999
422 1000 999
-83 1000 999
90 1000 999
245 1000 999
-493 1000 999
48 1000 999
-158 1000 999
298 1000 999
-879 1000 999
-924 1000 999
-346 1000 999
-679 1000 999
333 1000 999
-630 1000 999
-145 1000 999
33 1000 999
356 1000 999
170 1000 999
-727 1000 999
448 1000 999
-132 1000 999
-404 1000 999
135 1000 999
295 1000 999
495 1000 999
-675 1000 999
-18 1000 999
-672 1000 999
-41 1000 999
-304 1000 999
-298 1000 999
-331 1000 999
-996 1000 999
-832 1000 999
193 1000 999
60 1000 999
85 1000 999
-308 1000 999
-553 1000 999
225 1000 999
-948 1000 999
-657 1000 999
-530 1000 999
-943 1000 999
-820 1000 999
-402 1000 999
-11 1000 999
237 1000 999
-567 1000 999
-983 1000 999
431 1000 999
-856 1000 999
487 1000 999
-640 1000 999
374 1000 999
-666 1000 999
164 1000 999
-420 1000 999
10 1000 999
-917 1000 999
-7 1000 999
-279 1000 999
-340 1000 999
-445 1000 999
471 1000 999
-46 1000 999
-418 1000 999
426 1000 999
-262 1000 999
-654 1000 999
-102 1000 999
-638 1000 999
12 1000 999
429 1000 999
-429 1000 999
-758 1000 999
-799 1000 999
260 1000 999
-670 1000 999
412 1000 999
453 1000 999
-899 1000 999
133 1000 999
-986 1000 999
-876 1000 999
-963 1000 999
-737 1000 999
-753 1000 999
-647 1000 999
-235 1000 999
-555 1000 999
-518 1000 999
58 1000 999
358 1000 999
-699 1000 999
-674 1000 999
-535 1000 999
-299 1000 999
-245 1000 999
-108 1000 999
381 1000 999
390 1000 999
143 1000 999
265 1000 999
222 1000 999
-334 1000 999
-509 1000 999
264 1000 999
-505 1000 999
64 1000 999
-438 1000 999
-576 1000 999
-817 1000 999
-425 1000 999
492 1000 999
489 1000 999
69 1000 999
224 1000 999
149 1000 999
294 1000 999
-485 1000 999
-473 1000 999
-593 1000 999
482 1000 999
461 1000 999
-940 1000 999
-269 1000 999
-88 1000 999
360 1000 999
275 1000 999
-728 1000 999
-90 1000 999
132 1000 999
-589 1000 999
-837 1000 999
39 1000 999
-396 1000 999
-597 1000 999
76 1000 999
-662 1000 999
-428 1000 999
97 1000 999
86 1000 999
-114 1000 999
-495 1000 999
-605 1000 999
297 1000 999
-964 1000 999
-866 1000 999
308 1000 999
-752 1000 999
270 1000 999
-315 1000 999
244 1000 999
-309 1000 999
281 1000 999
-519 1000 999
-701 1000 999
-24 1000 999
-750 1000 999
-586 1000 999
163 1000 999
-992 1000 999
344 1000 999
-578 1000 999
455 1000 999
-330 1000 999
-135 1000 999
-166 1000 999
116 1000 999
299 1000 999
-443 1000 999
-942 1000 999
-577 1000 999
-664 1000 999
-643 1000 999
300 1000 999
-801 1000 999
-623 1000 999
-777 1000 999
-529 1000 999
310 1000 999
30 1000 999
-552 1000 999
141 1000 999
-243 1000 999
-39 1000 999
272 1000 999
-600 1000 999
-676 1000 999
-511 1000 999
122 1000 999
-927 1000 999
-551 1000 999
-266 1000 999
-838 1000 999
-356 1000 999
-520 1000 999
-462 1000 999
-361 1000 999
-554 1000 999
-547 1000 999
-52 1000 999
378 1000 999
-874 1000 999
41 1000 999
-128 1000 999
-857 1000 999
-439 1000 999
-217 1000 999
462 1000 999
-216 1000 999
-831 1000 999
-704 1000 999
388 1000 999
-6 1000 999
-350 1000 999
128 1000 999
-55 1000 999
19 1000 999
109 1000 999
180 1000 999
268 1000 999
-463 1000 999
-112 1000 999
-652 1000 999
383 1000 999
-22 1000 999
-178 1000 999
44 1000 999
-138 1000 999
-880 1000 999
95 1000 999
253 1000 999
-539 1000 999
-994 1000 999
432 1000 999
23 1000 999
43 1000 999
152 1000 999
267 1000 999
-764 1000 999
-354 1000 999
-484 1000 999
476 1000 999
-557 1000 999
66 1000 999
-741 1000 999
-797 1000 999
-326 1000 999
311 1000 999
-252 1000 999
-51 1000 999
-414 1000 999
-504 1000 999
-101 1000 999
-887 1000 999
-697 1000 999
-372 1000 999
-742 1000 999
-798 1000 999
-990 1000 999
-301 1000 999
-364 1000 999
-259 1000 999
188 1000 999
-585 1000 999
-781 1000 999
-580 1000 999
-885 1000 999
-611 1000 999
110 1000 999
402 1000 999
57 1000 999
-668 1000 999
-221 1000 999
279 1000 999
-997 1000 999
-839 1000 999
-380 1000 999
-214 1000 999
-490 1000 999
6 1000 999
-251 1000 999
-581 1000 999
-574 1000 999
-678 1000 999
-823 1000 999
293 1000 999
-569 1000 999
366 1000 999
211 1000 999
-732 1000 999
-482 1000 999
-154 1000 999
-241 1000 999
198 1000 999
-460 1000 999
-955 1000 999
-296 1000 999
-222 1000 999
142 1000 999
-622 1000 999
-219 1000 999
-651 1000 999
-150 1000 999
-819 1000 999
-74 1000 999
-818 1000 999
-870 1000 999
380 1000 999
136 1000 999
-256 1000 999
-563 1000 999
119 1000 999
-722 1000 999
-565 1000 999
-702 1000 999
-933 1000 999
-40 1000 999
-796 1000 999
-94 1000 999
-467 1000 999
-729 1000 999
-82 1000 999
-127 1000 999
-918 1000 999
-626 1000 999
-949 1000 999
-998 1000 999
362 1000 999
-382 1000 999
-194 1000 999
456 1000 999
-975 1000 999
347 1000 999
-305 1000 999
-79 1000 999
-905 1000 999
-761 1000 999
-470 1000 999
-790 1000 999
-211 1000 999
18 1000 999
-536 1000 999
404 1000 999
414 1000 999
-863 1000 999
401 1000 999
-12 1000 999
-849 1000 999
91 1000 999
-725 1000 999
273 1000 999
67 1000 999
-63 1000 999
355 1000 999
-499 1000 999
-144 1000 999
382 1000 999
-81 1000 999
-453 1000 999
-625 1000 999
-734 1000 999
103 1000 999
-113 1000 999
-711 1000 999
-359 1000 999
-822 1000 999
405 1000 999
-471 1000 999
-469 1000 999
-125 1000 999
-571 1000 999
-73 1000 999
251 1000 999
17 1000 999
153 1000 999
-291 1000 999
223 1000 999
-446 1000 999
54 1000 999
-639 1000 999
-458 1000 999
-865 1000 999
137 1000 999
249 1000 999
56 1000 999
-637 1000 999
104 1000 999
-950 1000 999
-957 1000 999
46 1000 999
259 1000 999
313 1000 999
-427 1000 999
-824 1000 999
-475 1000 999
250 1000 999
-190 1000 999
-172 1000 999
-182 1000 999
1 1000 999
-86 1000 999
-512 1000 999
-608 1000 999
-342 1000 999
-64 1000 999
-772 1000 999
349 1000 999
-813 1000 999
-655 1000 999
486 1000 999
-336 1000 999
-136 1000 999
-432 1000 999
-533 1000 999
-271 1000 999
-759 1000 999
-173 1000 999
-487 1000 999
-152 1000 999
-921 1000 999
352 1000 999
317 1000 999
-807 1000 999
184 1000 999
-249 1000 999
312 1000 999
437 1000 999
441 1000 999
-179 1000 999
-434 1000 999
146 1000 999
-362 1000 999
-568 1000 999
442 1000 999
-459 1000 999
389 1000 999
-250 1000 999
447 1000 999
-124 1000 999
286 1000 999
-465 1000 999
-483 1000 999
73 1000 999
-325 1000 999
-598 1000 999
-347 1000 999
-513 1000 999
213 1000 999
282 1000 999
-253 1000 999
227 1000 999
247 1000 999
-129 1000 999
-431 1000 999
430 1000 999
182 1000 999
278 1000 999
-472 1000 999
-139 1000 999
192 1000 999
-826 1000 999
-669 1000 999
105 1000 999
392 1000 999
-603 1000 999
-646 1000 999
396 1000 999
-45 1000 999
321 1000 999
236 1000 999
9 1000 999
411 1000 999
158 1000 999
0 1000 999
14 1000 999
-862 1000 999
-532 1000 999
11 1000 999
-926 1000 999
287 1000 999
490 1000 999
-352 1000 999
79 1000 999
-896 1000 999
-455 1000 999
336 1000 999
-929 1000 999
-118 1000 999
-989 1000 999
-526 1000 999
40 1000 999
-836 1000 999
-338 1000 999
246 1000 999
-609 1000 999
-370 1000 999
-457 1000 999
-931 1000 999
-687 1000 999
-956 1000 999
-912 1000 999
150 1000 999
-842 1000 999
5 1000 999
-56 1000 999
323 1000 999
428 1000 999
443 1000 999
-937 1000 999
-93 1000 999
234 1000 999
183 1000 999
-686 1000 999
-293 1000 999
-708 1000 999
-236 1000 999
-882 1000 999
-965 1000 999
434 1000 999
-985 1000 999
171 1000 999
-476 1000 999
-230 1000 999
-534 1000 999
-57 1000 999
177 1000 999
-77 1000 999
-911 1000 999
-408 1000 999
-869 1000 999
-411 1000 999
-775 1000 999
-916 1000 999
-442 1000 999
-596 1000 999
-341 1000 999
-50 1000 999
403 1000 999
359 1000 999
-137 1000 999
481 1000 999
365 1000 999
-324 1000 999
-117 1000 999
-436 1000 999
-966 1000 999
-930 1000 999
147 1000 999
-939 1000 999
-17 1000 999
179 1000 999
-133 1000 999
-514 1000 999
-871 1000 999
-523 1000 999
20 1000 999
484 1000 999
-314 1000 999
-886 1000 999
252 1000 999
-748 1000 999
47 1000 999
-207 1000 999
-695 1000 999
-754 1000 999
134 1000 999
-962 1000 999
-295 1000 999
302 1000 999
354 1000 999
-834 1000 999
266 1000 999
391 1000 999
-757 1000 999
-407 1000 999
-191 1000 999
-828 1000 999
-890 1000 999
84 1000 999
-451 1000 999
-322 1000 999
-98 1000 999
-164 1000 999
-907 1000 999
-745 1000 999
-231 1000 999
167 1000 999
263 1000 999
-491 1000 999
-726 1000 999
206 1000 999
-107 1000 999
-771 1000 999
96 1000 999
277 1000 999
-140 1000 999
26 1000 999
-784 1000 999
-693 1000 999
-400 1000 999
309 1000 999
-642 1000 999
-506 1000 999
-186 1000 999
407 1000 999
-877 1000 999
-692 1000 999
467 1000 999
174 1000 999
-287 1000 999
-180 1000 999
144 1000 999
-767 1000 999
-464 1000 999
-612 1000 999
444 1000 999
-944 1000 999
-503 1000 999
-193 1000 999
254 1000 999
-450 1000 999
464 1000 999
125 1000 999
-785 1000 999
129 1000 999
-67 1000 999
-793 1000 999
-171 1000 999
331 1000 999
-349 1000 999
406 1000 999
-368 1000 999
-151 1000 999
-601 1000 999
-527 1000 999
-265 1000 999
-61 1000 999
-858 1000 999
-925 1000 999
-223 1000 999
-162 1000 999